5 0.75 0.5881944444444445 0.009375 0.015277777777777777
1 0.901171875 0.49444444444444446 0.03203125 0.08611111111111111
3 0.279296875 0.5340277777777778 0.01015625 0.018055555555555554
6 0.317578125 0.42569444444444443 0.01953125 0.0763888888888889
2 0.01875 0.5576388888888889 0.0375 0.15138888888888888
0 0.23359375 0.8347222222222223 0.0578125 0.24722222222222223
0 0.37734375 0.5173611111111112 0.0265625 0.12083333333333333
0 0.5984375 0.5298611111111111 0.0265625 0.1125
0 0.600390625 0.5138888888888888 0.02890625 0.125
0 0.713671875 0.5791666666666667 0.03984375 0.16666666666666666
0 0.755078125 0.5416666666666666 0.03671875 0.1388888888888889
0 0.878515625 0.5819444444444445 0.02890625 0.14722222222222223
7 0.95703125 0.45625 0.0859375 0.16805555555555557
0 0.15 0.5715277777777777 0.03125 0.1486111111111111
0 0.105859375 0.5083333333333333 0.03359375 0.10833333333333334
0 0.183984375 0.5152777777777777 0.04140625 0.10833333333333334
0 0.1921875 0.48541666666666666 0.053125 0.10138888888888889
0 0.24765625 0.4986111111111111 0.059375 0.10555555555555556
0 0.24296875 0.47638888888888886 0.01875 0.10555555555555556
0 0.2265625 0.47708333333333336 0.01875 0.11527777777777778
4 0.2109375 0.09930555555555555 0.2125 0.04861111111111111