3 0.24453125 0.43194444444444446 0.009375 0.011111111111111112
1 0.2609375 0.4527777777777778 0.0125 0.05
6 0.724609375 0.38958333333333334 0.01328125 0.043055555555555555
0 0.291015625 0.47291666666666665 0.02265625 0.059722222222222225
0 0.05546875 0.69375 0.0421875 0.14583333333333334
0 0.2984375 0.7034722222222223 0.04375 0.12638888888888888
0 0.31484375 0.5625 0.01875 0.11388888888888889
7 0.37578125 0.41041666666666665 0.134375 0.09583333333333334
0 0.562890625 0.4791666666666667 0.03203125 0.07777777777777778
0 0.6390625 0.46944444444444444 0.025 0.06944444444444445
0 0.765234375 0.42777777777777776 0.01171875 0.05
0 0.7453125 0.54375 0.0234375 0.09305555555555556
0 0.81640625 0.5083333333333333 0.021875 0.08611111111111111
0 0.925390625 0.6666666666666666 0.05078125 0.14722222222222223
4 0.21484375 0.09791666666666667 0.2046875 0.05138888888888889