5 0.4171875 0.45625 0.009375 0.0125
3 0.805078125 0.5347222222222222 0.00859375 0.016666666666666666
1 0.45625 0.41597222222222224 0.01875 0.06527777777777778
0 0.636328125 0.42986111111111114 0.01328125 0.07361111111111111
0 0.83671875 0.5111111111111111 0.028125 0.09444444444444444
0 0.707421875 0.7854166666666667 0.04296875 0.19583333333333333
0 0.42734375 0.49583333333333335 0.025 0.08333333333333333
0 0.3421875 0.43819444444444444 0.028125 0.05694444444444444
0 0.28046875 0.4076388888888889 0.015625 0.06527777777777778
0 0.16484375 0.5034722222222222 0.025 0.09861111111111111
0 0.2015625 0.5979166666666667 0.0375 0.12083333333333333
4 0.21015625 0.09652777777777778 0.2140625 0.05138888888888889
7 0.56640625 0.38472222222222224 0.1359375 0.08611111111111111
6 0.170703125 0.3715277777777778 0.02109375 0.04861111111111111