3 0.193359375 0.5472222222222223 0.00703125 0.011111111111111112
2 0.39375 0.5979166666666667 0.021875 0.10416666666666667
5 0.882421875 0.5583333333333333 0.00859375 0.011111111111111112
1 0.959375 0.5034722222222222 0.0203125 0.07083333333333333
7 0.991015625 0.48194444444444445 0.01796875 0.09444444444444444
6 0.62734375 0.4527777777777778 0.01875 0.041666666666666664
4 0.21171875 0.09583333333333334 0.2046875 0.05277777777777778
0 0.852734375 0.5833333333333334 0.02421875 0.1111111111111111
0 0.6796875 0.5402777777777777 0.01875 0.08611111111111111
0 0.642578125 0.5506944444444445 0.02265625 0.08194444444444444
0 0.5859375 0.5145833333333333 0.01875 0.06805555555555555
0 0.572265625 0.51875 0.01640625 0.06805555555555555
0 0.457421875 0.5020833333333333 0.01953125 0.059722222222222225
0 0.49609375 0.60625 0.0203125 0.10694444444444444
0 0.475 0.8118055555555556 0.0390625 0.1875
0 0.41328125 0.6194444444444445 0.0140625 0.11666666666666667
0 0.43359375 0.5527777777777778 0.0203125 0.08611111111111111
0 0.3234375 0.5236111111111111 0.021875 0.06388888888888888
0 0.3328125 0.4840277777777778 0.0125 0.04861111111111111
0 0.178125 0.5194444444444445 0.025 0.06666666666666667