5 0.515234375 0.6097222222222223 0.01484375 0.013888888888888888
0 0.065625 0.44305555555555554 0.0171875 0.08055555555555556
6 0.082421875 0.44722222222222224 0.01640625 0.07222222222222222
4 0.20703125 0.09652777777777778 0.2125 0.04583333333333333
1 0.722265625 0.5208333333333334 0.01796875 0.09444444444444444
0 0.73515625 0.5347222222222222 0.0203125 0.11388888888888889
0 0.66328125 0.56875 0.0328125 0.12083333333333333
0 0.6484375 0.5520833333333334 0.0296875 0.11527777777777778
0 0.646875 0.5409722222222222 0.028125 0.13472222222222222
0 0.657421875 0.5152777777777777 0.01484375 0.10555555555555556
0 0.6078125 0.5173611111111112 0.0234375 0.10416666666666667
0 0.59296875 0.5180555555555556 0.0234375 0.09722222222222222
0 0.585546875 0.5805555555555556 0.03046875 0.12777777777777777
0 0.575390625 0.5305555555555556 0.02421875 0.09722222222222222
0 0.566796875 0.5013888888888889 0.02890625 0.09444444444444444
0 0.525 0.5256944444444445 0.021875 0.0875
0 0.49140625 0.5277777777777778 0.0234375 0.08888888888888889
0 0.498046875 0.5145833333333333 0.02109375 0.08194444444444444
0 0.353515625 0.5527777777777778 0.02890625 0.125
0 0.2046875 0.6472222222222223 0.034375 0.18055555555555555
0 0.15625 0.5715277777777777 0.0359375 0.12361111111111112
2 0.133203125 0.5354166666666667 0.03046875 0.13472222222222222
7 0.80546875 0.48125 0.2765625 0.1986111111111111