6 0.948046875 0.2875 0.00859375 0.03611111111111111
2 0.70546875 0.3951388888888889 0.015625 0.09027777777777778
3 0.11875 0.4951388888888889 0.009375 0.015277777777777777
4 0.2125 0.09791666666666667 0.2078125 0.04861111111111111
0 0.107421875 0.3659722222222222 0.02421875 0.06805555555555555
0 0.08515625 0.4548611111111111 0.0171875 0.10972222222222222
0 0.28515625 0.7263888888888889 0.065625 0.20277777777777778
0 0.394921875 0.46458333333333335 0.02578125 0.09861111111111111
0 0.403515625 0.3875 0.01328125 0.07222222222222222
0 0.556640625 0.33402777777777776 0.01328125 0.05694444444444444
0 0.601171875 0.35625 0.01015625 0.05694444444444444
0 0.595703125 0.4048611111111111 0.01796875 0.07916666666666666
0 0.584765625 0.4673611111111111 0.02109375 0.10694444444444444
0 0.6015625 0.5833333333333334 0.0375 0.13333333333333333
0 0.670703125 0.42569444444444443 0.01953125 0.09027777777777778
0 0.6453125 0.3298611111111111 0.009375 0.05138888888888889
0 0.73828125 0.35625 0.0234375 0.08194444444444444
0 0.7921875 0.36180555555555555 0.0109375 0.07361111111111111
0 0.90234375 0.4083333333333333 0.015625 0.08888888888888889