3 0.340625 0.5416666666666666 0.0109375 0.025
2 0.032421875 0.5722222222222222 0.04765625 0.11944444444444445
0 0.056640625 0.6006944444444444 0.03359375 0.14027777777777778
0 0.076953125 0.5513888888888889 0.03671875 0.12222222222222222
0 0.20546875 0.4861111111111111 0.0421875 0.07777777777777778
0 0.281640625 0.5090277777777777 0.04453125 0.0875
0 0.31640625 0.5069444444444444 0.034375 0.08888888888888889
0 0.558203125 0.5881944444444445 0.04765625 0.12638888888888888
0 0.583203125 0.5541666666666667 0.02421875 0.10555555555555556
0 0.771875 0.6243055555555556 0.04375 0.12638888888888888
0 0.991796875 0.7090277777777778 0.01640625 0.12361111111111112
6 0.78125 0.43819444444444444 0.028125 0.0763888888888889
4 0.21015625 0.09722222222222222 0.2171875 0.044444444444444446