6 0.5640625 0.42569444444444443 0.0234375 0.09027777777777778
3 0.222265625 0.5020833333333333 0.01171875 0.020833333333333332
2 0.11953125 0.51875 0.0328125 0.12916666666666668
0 0.07421875 0.49166666666666664 0.028125 0.11944444444444445
0 0.21484375 0.4638888888888889 0.0328125 0.09166666666666666
0 0.321875 0.7069444444444445 0.0359375 0.20555555555555555
0 0.3625 0.5611111111111111 0.021875 0.1388888888888889
0 0.331640625 0.47638888888888886 0.03359375 0.08611111111111111
0 0.36328125 0.44722222222222224 0.0328125 0.06666666666666667
0 0.3796875 0.49930555555555556 0.021875 0.1125
0 0.45390625 0.4777777777777778 0.028125 0.10555555555555556
0 0.47265625 0.4847222222222222 0.0265625 0.1
0 0.641796875 0.5152777777777777 0.02421875 0.13333333333333333
0 0.68828125 0.49722222222222223 0.0328125 0.10833333333333334
0 0.711328125 0.5361111111111111 0.02734375 0.13055555555555556
0 0.91875 0.5194444444444445 0.034375 0.13055555555555556
4 0.208203125 0.09861111111111111 0.22109375 0.04722222222222222