5 0.527734375 0.5180555555555556 0.00859375 0.008333333333333333
1 0.656640625 0.4340277777777778 0.02109375 0.09027777777777778
3 0.18125 0.45625 0.0125 0.015277777777777777
6 0.163671875 0.38472222222222224 0.01953125 0.06111111111111111
4 0.21015625 0.09722222222222222 0.2109375 0.044444444444444446
0 0.80546875 0.49930555555555556 0.0265625 0.1125
0 0.708203125 0.47430555555555554 0.02734375 0.0875
0 0.619140625 0.46597222222222223 0.03359375 0.09305555555555556
0 0.568359375 0.46319444444444446 0.03359375 0.09027777777777778
0 0.56875 0.4395833333333333 0.028125 0.07083333333333333
0 0.5171875 0.45069444444444445 0.0359375 0.09027777777777778
0 0.47734375 0.49722222222222223 0.0296875 0.10555555555555556
0 0.3890625 0.44375 0.01875 0.09583333333333334
0 0.198046875 0.44305555555555554 0.02734375 0.08333333333333333
0 0.284765625 0.5013888888888889 0.03046875 0.12777777777777777
0 0.169140625 0.6333333333333333 0.05546875 0.15555555555555556
0 0.069921875 0.45 0.02109375 0.09166666666666666
0 0.040625 0.41944444444444445 0.021875 0.07777777777777778
7 0.769140625 0.41388888888888886 0.22578125 0.1388888888888889