5 0.3609375 0.38680555555555557 0.0109375 0.015277777777777777
1 0.249609375 0.39791666666666664 0.01484375 0.07916666666666666
3 0.51953125 0.7458333333333333 0.0140625 0.022222222222222223
7 0.11171875 0.36666666666666664 0.1078125 0.15555555555555556
4 0.208203125 0.09861111111111111 0.21484375 0.05277777777777778
0 0.51875 0.5465277777777777 0.046875 0.10972222222222222
0 0.74296875 0.7173611111111111 0.0625 0.17083333333333334
0 0.60625 0.41597222222222224 0.021875 0.0763888888888889
0 0.646484375 0.3277777777777778 0.01953125 0.06944444444444445
0 0.662890625 0.34652777777777777 0.02890625 0.06527777777777778
0 0.84453125 0.4027777777777778 0.0203125 0.06944444444444445
0 0.960546875 0.36875 0.02421875 0.06527777777777778
0 0.862109375 0.2590277777777778 0.01328125 0.0375
6 0.290234375 0.2423611111111111 0.01953125 0.043055555555555555