5 0.636328125 0.5486111111111112 0.01328125 0.011111111111111112
3 0.205078125 0.4548611111111111 0.00546875 0.0125
0 0.20390625 0.4673611111111111 0.0125 0.059722222222222225
2 0.128125 0.5229166666666667 0.01875 0.09861111111111111
6 0.349609375 0.4361111111111111 0.01953125 0.05
1 0.73828125 0.47708333333333336 0.021875 0.07083333333333333
7 0.84453125 0.4666666666666667 0.1953125 0.13055555555555556
0 0.98515625 0.6791666666666667 0.0296875 0.1361111111111111
0 0.70625 0.54375 0.0203125 0.10138888888888889
0 0.598828125 0.5041666666666667 0.02265625 0.075
0 0.61171875 0.50625 0.025 0.0875
0 0.5265625 0.48680555555555555 0.0171875 0.08194444444444444
0 0.444921875 0.51875 0.02265625 0.07916666666666666
0 0.428515625 0.5569444444444445 0.01796875 0.09722222222222222
0 0.512109375 0.6361111111111111 0.03515625 0.13333333333333333
0 0.2703125 0.8291666666666667 0.0515625 0.19166666666666668
0 0.16640625 0.6798611111111111 0.0328125 0.14583333333333334
0 0.145703125 0.5798611111111112 0.01796875 0.10694444444444444
0 0.297265625 0.48680555555555555 0.02109375 0.0763888888888889
0 0.317578125 0.5 0.01171875 0.06666666666666667
0 0.328125 0.49444444444444446 0.0125 0.06944444444444445
4 0.2078125 0.09583333333333334 0.2171875 0.04722222222222222