3 0.4984375 0.38125 0.0109375 0.020833333333333332
1 0.48046875 0.5555555555555556 0.0359375 0.12777777777777777
7 0.324609375 0.48194444444444445 0.19765625 0.25555555555555554
4 0.20859375 0.09583333333333334 0.2140625 0.04722222222222222
6 0.646484375 0.3194444444444444 0.02890625 0.06111111111111111
3 0.121484375 0.6541666666666667 0.01171875 0.022222222222222223
0 0.66171875 0.6715277777777777 0.046875 0.16527777777777777
5 0.776171875 0.5923611111111111 0.01953125 0.020833333333333332
0 0.82890625 0.6090277777777777 0.0359375 0.15138888888888888
0 0.840234375 0.7111111111111111 0.03515625 0.16111111111111112
0 0.920703125 0.64375 0.03671875 0.12638888888888888
0 0.90234375 0.5270833333333333 0.0484375 0.12916666666666668
0 0.908984375 0.5048611111111111 0.04921875 0.13472222222222222