3 0.396875 0.5611111111111111 0.0109375 0.022222222222222223
0 0.935546875 0.7145833333333333 0.05703125 0.17916666666666667
0 0.63515625 0.6618055555555555 0.0328125 0.15416666666666667
0 0.587890625 0.5847222222222223 0.04609375 0.12777777777777777
0 0.463671875 0.6326388888888889 0.06171875 0.17083333333333334
0 0.446875 0.4534722222222222 0.046875 0.09305555555555556
0 0.4859375 0.4326388888888889 0.025 0.10694444444444444
0 0.28828125 0.4861111111111111 0.04375 0.11944444444444445
0 0.38984375 0.3680555555555556 0.025 0.08888888888888889
1 0.516796875 0.2833333333333333 0.01328125 0.05555555555555555
5 0.41484375 0.32083333333333336 0.00625 0.008333333333333333
6 0.2140625 0.24861111111111112 0.01875 0.044444444444444446
4 0.20859375 0.09583333333333334 0.2171875 0.04722222222222222
2 0.044921875 0.40694444444444444 0.02265625 0.09444444444444444
0 0.144140625 0.40069444444444446 0.02421875 0.09027777777777778
0 0.06328125 0.3236111111111111 0.015625 0.06666666666666667
0 0.2390625 0.33055555555555555 0.0125 0.06944444444444445
0 0.25 0.34097222222222223 0.01875 0.06805555555555555
7 0.54140625 0.26319444444444445 0.1203125 0.0763888888888889