5 0.874609375 0.5979166666666667 0.01484375 0.020833333333333332
0 0.9859375 0.6111111111111112 0.028125 0.1388888888888889
0 0.858203125 0.5513888888888889 0.03203125 0.12777777777777777
0 0.790625 0.54375 0.0296875 0.11527777777777778
0 0.671484375 0.53125 0.03203125 0.11805555555555555
0 0.6859375 0.6104166666666667 0.0265625 0.12361111111111112
0 0.565625 0.5909722222222222 0.0265625 0.1375
0 0.588671875 0.5166666666666667 0.03203125 0.11388888888888889
0 0.4953125 0.5048611111111111 0.0171875 0.0875
6 0.509375 0.45069444444444445 0.0171875 0.07083333333333333
0 0.48046875 0.5076388888888889 0.0203125 0.08194444444444444
0 0.4640625 0.5020833333333333 0.015625 0.08194444444444444
0 0.402734375 0.5020833333333333 0.01953125 0.0875
0 0.370703125 0.5215277777777778 0.02890625 0.09305555555555556
0 0.3828125 0.5388888888888889 0.0203125 0.07777777777777778
0 0.37578125 0.6055555555555555 0.0234375 0.11666666666666667
0 0.37265625 0.74375 0.0390625 0.1763888888888889
2 0.171484375 0.5208333333333334 0.02578125 0.09444444444444444
0 0.29140625 0.4979166666666667 0.0234375 0.08194444444444444
3 0.219921875 0.4840277777777778 0.00859375 0.009722222222222222
4 0.20859375 0.09583333333333334 0.215625 0.04722222222222222