5 0.48046875 0.4965277777777778 0.0109375 0.009722222222222222
1 0.609765625 0.44305555555555554 0.01484375 0.06388888888888888
0 0.753125 0.4583333333333333 0.015625 0.075
0 0.751171875 0.5513888888888889 0.01640625 0.09444444444444444
0 0.883203125 0.7527777777777778 0.04453125 0.1638888888888889
0 0.3703125 0.8736111111111111 0.075 0.21944444444444444
2 0.330078125 0.5638888888888889 0.04296875 0.10277777777777777
0 0.371875 0.4722222222222222 0.0078125 0.06666666666666667
0 0.36953125 0.42569444444444443 0.0125 0.06527777777777778
0 0.260546875 0.5361111111111111 0.02421875 0.1
0 0.1890625 0.5222222222222223 0.0171875 0.09166666666666666
0 0.133984375 0.47291666666666665 0.01171875 0.07361111111111111
0 0.137109375 0.6541666666666667 0.04921875 0.1361111111111111
7 0.6421875 0.4263888888888889 0.153125 0.09722222222222222
4 0.2125 0.09513888888888888 0.209375 0.04861111111111111