3 0.204296875 0.44305555555555554 0.00390625 0.008333333333333333
1 0.2046875 0.42569444444444443 0.01875 0.0625
7 0.266796875 0.3909722222222222 0.11953125 0.0763888888888889
6 0.598046875 0.36875 0.01640625 0.0375
0 0.207421875 0.6215277777777778 0.04453125 0.11805555555555555
0 0.353125 0.5055555555555555 0.021875 0.10277777777777777
0 0.412890625 0.49027777777777776 0.02421875 0.08888888888888889
0 0.408203125 0.6284722222222222 0.02734375 0.12083333333333333
0 0.59921875 0.46597222222222223 0.021875 0.07916666666666666
0 0.627734375 0.46111111111111114 0.01328125 0.07222222222222222
0 0.734765625 0.42291666666666666 0.01796875 0.06805555555555555
0 0.821875 0.4840277777777778 0.01875 0.09861111111111111
0 0.8296875 0.5381944444444444 0.034375 0.09305555555555556
4 0.2109375 0.09722222222222222 0.2109375 0.04722222222222222