1 0.08125 0.35 0.0234375 0.08611111111111111
7 0.079296875 0.3194444444444444 0.15859375 0.12222222222222222
4 0.2078125 0.09722222222222222 0.2140625 0.044444444444444446
3 0.863671875 0.48819444444444443 0.01640625 0.02361111111111111
0 0.87578125 0.5444444444444444 0.028125 0.15555555555555556
6 0.921484375 0.4131944444444444 0.04765625 0.09583333333333334
0 0.539453125 0.42916666666666664 0.02578125 0.10833333333333334
0 0.457421875 0.44375 0.02734375 0.1125
0 0.495703125 0.6631944444444444 0.03671875 0.15694444444444444
0 0.46484375 0.7548611111111111 0.0390625 0.20416666666666666
0 0.387109375 0.6083333333333333 0.07734375 0.1527777777777778
0 0.315625 0.5069444444444444 0.04375 0.14166666666666666
0 0.29140625 0.48194444444444445 0.025 0.13333333333333333
0 0.1390625 0.40069444444444446 0.0296875 0.1125