3 0.4140625 0.5256944444444445 0.0109375 0.015277777777777777
6 0.61640625 0.3173611111111111 0.0140625 0.04583333333333333
2 0.241015625 0.5173611111111112 0.03828125 0.12083333333333333
0 0.383984375 0.5243055555555556 0.03359375 0.1125
0 0.451953125 0.5354166666666667 0.03515625 0.0875
0 0.33515625 0.44166666666666665 0.021875 0.08333333333333333
0 0.4234375 0.41458333333333336 0.0265625 0.0763888888888889
0 0.589453125 0.3875 0.01484375 0.075
0 0.6125 0.5013888888888889 0.015625 0.09444444444444444
0 0.631640625 0.5409722222222222 0.04140625 0.13194444444444445
0 0.84609375 0.43680555555555556 0.015625 0.09305555555555556
0 0.9109375 0.4708333333333333 0.0171875 0.10277777777777777
0 0.99296875 0.6486111111111111 0.0140625 0.14166666666666666
0 0.917578125 0.7625 0.09296875 0.18333333333333332
1 0.945703125 0.3736111111111111 0.01953125 0.07222222222222222
7 0.97578125 0.3458333333333333 0.0484375 0.11666666666666667
0 0.083984375 0.37083333333333335 0.02109375 0.058333333333333334
4 0.210546875 0.09652777777777778 0.20859375 0.043055555555555555