3 0.361328125 0.6652777777777777 0.01953125 0.030555555555555555
5 0.678515625 0.48125 0.01640625 0.015277777777777777
1 0.387109375 0.4583333333333333 0.02890625 0.08055555555555556
6 0.593359375 0.2847222222222222 0.01796875 0.041666666666666664
4 0.211328125 0.09652777777777778 0.20859375 0.05138888888888889
0 0.272265625 0.6618055555555555 0.04765625 0.11527777777777778
0 0.647265625 0.6 0.02578125 0.13333333333333333
0 0.828125 0.5055555555555555 0.025 0.10833333333333334
0 0.68515625 0.44166666666666665 0.0234375 0.07222222222222222
0 0.64375 0.42430555555555555 0.0328125 0.09861111111111111
0 0.50859375 0.5041666666666667 0.034375 0.08611111111111111
7 0.360546875 0.4048611111111111 0.13515625 0.18194444444444444