5 0.198046875 0.6743055555555556 0.01796875 0.018055555555555554
1 0.537890625 0.5631944444444444 0.05234375 0.12916666666666668
3 0.525390625 0.5868055555555556 0.01953125 0.029166666666666667
0 0.6578125 0.5791666666666667 0.0359375 0.2111111111111111
0 0.5046875 0.6423611111111112 0.05625 0.2013888888888889
0 0.4625 0.59375 0.046875 0.20694444444444443
0 0.38046875 0.5548611111111111 0.0375 0.17916666666666667
0 0.313671875 0.5638888888888889 0.03359375 0.19722222222222222
0 0.23515625 0.6305555555555555 0.0609375 0.19166666666666668
0 0.173046875 0.6604166666666667 0.04296875 0.20972222222222223
0 0.091015625 0.5881944444444445 0.04453125 0.18472222222222223
0 0.05703125 0.5951388888888889 0.0625 0.20972222222222223
4 0.2078125 0.09722222222222222 0.2125 0.044444444444444446
7 0.625390625 0.4701388888888889 0.37265625 0.27361111111111114