5 0.0046875 0.46805555555555556 0.009375 0.019444444444444445
1 0.260546875 0.3715277777777778 0.02421875 0.09583333333333334
7 0.2078125 0.34444444444444444 0.2109375 0.11944444444444445
4 0.209375 0.09791666666666667 0.2140625 0.04583333333333333
0 0.344140625 0.42083333333333334 0.02578125 0.11388888888888889
0 0.291015625 0.5076388888888889 0.03359375 0.1375
0 0.276953125 0.5291666666666667 0.02421875 0.14444444444444443
0 0.716796875 0.41041666666666665 0.02890625 0.09305555555555556
0 0.740234375 0.425 0.02890625 0.08611111111111111
0 0.646484375 0.6222222222222222 0.03671875 0.18333333333333332
0 0.7515625 0.6319444444444444 0.0375 0.18611111111111112
0 0.812890625 0.5055555555555555 0.03046875 0.13333333333333333
0 0.957421875 0.5611111111111111 0.03359375 0.1638888888888889