1 0.73515625 0.41805555555555557 0.0171875 0.05
2 0.31171875 0.5034722222222222 0.0203125 0.0875
3 0.444140625 0.7979166666666667 0.01328125 0.03194444444444444
0 0.424609375 0.7298611111111111 0.04921875 0.15694444444444444
0 0.641796875 0.5513888888888889 0.03203125 0.09722222222222222
0 0.646875 0.5 0.0203125 0.07777777777777778
0 0.57421875 0.50625 0.0171875 0.09861111111111111
0 0.508203125 0.4576388888888889 0.01953125 0.07083333333333333
0 0.474609375 0.45069444444444445 0.02109375 0.06527777777777778
0 0.455078125 0.44722222222222224 0.02109375 0.06111111111111111
0 0.43828125 0.4840277777777778 0.0203125 0.08194444444444444
0 0.397265625 0.46041666666666664 0.02421875 0.07083333333333333
0 0.296875 0.45902777777777776 0.025 0.0625
0 0.27421875 0.4236111111111111 0.0140625 0.05277777777777778
0 0.22109375 0.5430555555555555 0.0296875 0.10277777777777777
0 0.19609375 0.5673611111111111 0.0359375 0.10694444444444444
0 0.0953125 0.49583333333333335 0.0234375 0.07777777777777778
4 0.211328125 0.09583333333333334 0.21015625 0.04722222222222222
6 0.40546875 0.3680555555555556 0.0125 0.04722222222222222
7 0.756640625 0.3958333333333333 0.14296875 0.09166666666666666