3 0.666796875 0.7368055555555556 0.02109375 0.03194444444444444
2 0.5890625 0.45902777777777776 0.0171875 0.09583333333333334
0 0.9390625 0.3625 0.0140625 0.058333333333333334
0 0.717578125 0.3375 0.01640625 0.041666666666666664
0 0.702734375 0.37083333333333335 0.01640625 0.05277777777777778
0 0.66953125 0.38333333333333336 0.0171875 0.06111111111111111
0 0.698046875 0.6118055555555556 0.04921875 0.12916666666666668
0 0.56484375 0.6645833333333333 0.05 0.13194444444444445
0 0.487109375 0.6166666666666667 0.03828125 0.13055555555555556
0 0.447265625 0.4951388888888889 0.02109375 0.10416666666666667
0 0.421875 0.5305555555555556 0.0234375 0.12222222222222222
0 0.4234375 0.4027777777777778 0.0171875 0.07222222222222222
0 0.4359375 0.38055555555555554 0.015625 0.06944444444444445
0 0.3609375 0.40625 0.01875 0.07361111111111111
0 0.17734375 0.5993055555555555 0.0328125 0.1125
0 0.15859375 0.5673611111111111 0.025 0.12083333333333333
0 0.125390625 0.47847222222222224 0.01953125 0.09583333333333334
0 0.08828125 0.4236111111111111 0.0234375 0.08055555555555556
7 0.11875 0.3298611111111111 0.11875 0.07916666666666666
1 0.19140625 0.3458333333333333 0.0125 0.044444444444444446
4 0.208203125 0.09722222222222222 0.21640625 0.044444444444444446
6 0.41171875 0.2902777777777778 0.015625 0.041666666666666664