3 0.50078125 0.7513888888888889 0.0171875 0.030555555555555555
0 0.578515625 0.6958333333333333 0.07109375 0.20277777777777778
0 0.6546875 0.5770833333333333 0.040625 0.1125
0 0.325390625 0.525 0.04296875 0.11388888888888889
2 0.208984375 0.3375 0.01796875 0.08055555555555556
0 0.595703125 0.34791666666666665 0.03671875 0.08472222222222223
0 0.612890625 0.3472222222222222 0.02109375 0.08333333333333333
0 0.498828125 0.28958333333333336 0.01953125 0.0625
0 0.430859375 0.2625 0.02734375 0.06111111111111111
0 0.406640625 0.34652777777777777 0.02421875 0.0763888888888889
0 0.354296875 0.2986111111111111 0.01484375 0.058333333333333334
0 0.373828125 0.26180555555555557 0.01171875 0.059722222222222225
0 0.256640625 0.2548611111111111 0.01640625 0.043055555555555555
0 0.211328125 0.27361111111111114 0.01796875 0.05
0 0.183203125 0.26805555555555555 0.01953125 0.044444444444444446
0 0.171484375 0.25416666666666665 0.01171875 0.030555555555555555
4 0.2078125 0.09652777777777778 0.2140625 0.043055555555555555
6 0.522265625 0.20277777777777778 0.01484375 0.03333333333333333
7 0.792578125 0.2298611111111111 0.09921875 0.07083333333333333
1 0.761328125 0.24861111111111112 0.01328125 0.044444444444444446