5 0.824609375 0.40625 0.01484375 0.0125
1 0.877734375 0.37083333333333335 0.01484375 0.07777777777777778
3 0.524609375 0.4666666666666667 0.00703125 0.013888888888888888
7 0.960546875 0.3326388888888889 0.07890625 0.10138888888888889
6 0.584765625 0.3076388888888889 0.01015625 0.04583333333333333
4 0.21171875 0.09722222222222222 0.2078125 0.04722222222222222
0 0.7921875 0.5770833333333333 0.05 0.1375
0 0.54453125 0.42430555555555555 0.0296875 0.09583333333333334
0 0.265234375 0.43333333333333335 0.01796875 0.08888888888888889
0 0.226171875 0.3736111111111111 0.01953125 0.06388888888888888
0 0.186328125 0.5284722222222222 0.03671875 0.11527777777777778
0 0.119140625 0.49722222222222223 0.02421875 0.11944444444444445