5 0.21328125 0.4201388888888889 0.0125 0.0125
1 0.421875 0.34097222222222223 0.025 0.07916666666666666
0 0.67265625 0.7743055555555556 0.0296875 0.16527777777777777
0 0.65703125 0.5618055555555556 0.0265625 0.11527777777777778
3 0.75078125 0.6326388888888889 0.0140625 0.020833333333333332
0 0.745703125 0.6048611111111111 0.04453125 0.09027777777777778
0 0.7421875 0.575 0.0390625 0.09444444444444444
0 0.320703125 0.5958333333333333 0.02421875 0.12222222222222222
0 0.396875 0.4 0.0203125 0.08055555555555556
0 0.310546875 0.375 0.02109375 0.08611111111111111
0 0.244921875 0.4361111111111111 0.02265625 0.1
0 0.261328125 0.3861111111111111 0.01640625 0.08333333333333333
0 0.255859375 0.35833333333333334 0.01640625 0.075
0 0.22890625 0.3680555555555556 0.021875 0.09166666666666666
0 0.199609375 0.3548611111111111 0.02109375 0.09861111111111111
0 0.178515625 0.36875 0.01640625 0.09861111111111111
0 0.15390625 0.36666666666666664 0.0140625 0.08055555555555556
0 0.08671875 0.38819444444444445 0.025 0.08472222222222223
4 0.208984375 0.09444444444444444 0.21328125 0.03888888888888889
7 0.4390625 0.3076388888888889 0.1640625 0.12361111111111112