5 0.512890625 0.2673611111111111 0.00703125 0.009722222222222222
1 0.613671875 0.22916666666666666 0.01640625 0.058333333333333334
0 0.74921875 0.43819444444444444 0.0203125 0.0875
0 0.69453125 0.6777777777777778 0.0296875 0.12222222222222222
0 0.5390625 0.39444444444444443 0.0171875 0.075
0 0.5359375 0.375 0.0203125 0.075
0 0.5015625 0.3111111111111111 0.0125 0.075
0 0.4140625 0.29305555555555557 0.0125 0.07222222222222222
0 0.376953125 0.2972222222222222 0.01484375 0.06111111111111111
0 0.383984375 0.3736111111111111 0.01640625 0.08333333333333333
0 0.377734375 0.5055555555555555 0.02265625 0.10277777777777777
0 0.433984375 0.5152777777777777 0.01953125 0.09444444444444444
0 0.174609375 0.7013888888888888 0.02890625 0.11944444444444445
0 0.169140625 0.7659722222222223 0.06484375 0.1375
0 0.14375 0.6243055555555556 0.021875 0.11805555555555555
2 0.057421875 0.4131944444444444 0.01953125 0.0875
4 0.208984375 0.09861111111111111 0.21796875 0.044444444444444446
6 0.3546875 0.14166666666666666 0.0125 0.03888888888888889
7 0.670703125 0.19791666666666666 0.11953125 0.09583333333333334