3 0.105859375 0.4111111111111111 0.01484375 0.022222222222222223
1 0.1671875 0.47847222222222224 0.0484375 0.12638888888888888
7 0.351953125 0.3798611111111111 0.26015625 0.2125
0 0.232421875 0.5381944444444444 0.03203125 0.11805555555555555
0 0.458984375 0.5131944444444444 0.02734375 0.12361111111111112
0 0.6484375 0.5770833333333333 0.025 0.15416666666666667
0 0.683203125 0.47708333333333336 0.03671875 0.12638888888888888
0 0.780859375 0.5361111111111111 0.03984375 0.13055555555555556
0 0.877734375 0.44027777777777777 0.02734375 0.1361111111111111
0 0.802734375 0.40694444444444444 0.02734375 0.1111111111111111
0 0.76328125 0.45 0.0265625 0.12777777777777777
3 0.72265625 0.3423611111111111 0.0078125 0.0125
4 0.208203125 0.09791666666666667 0.21484375 0.043055555555555555