5 0.654296875 0.4 0.00546875 0.008333333333333333
1 0.46875 0.3347222222222222 0.025 0.07222222222222222
7 0.4484375 0.30277777777777776 0.1515625 0.125
6 0.872265625 0.23541666666666666 0.01171875 0.05694444444444444
3 0.319140625 0.55625 0.00859375 0.02361111111111111
0 0.329296875 0.5493055555555556 0.03046875 0.10972222222222222
0 0.38125 0.5645833333333333 0.0359375 0.0875
0 0.630078125 0.48194444444444445 0.02421875 0.10833333333333334
0 0.632421875 0.6798611111111111 0.04765625 0.13472222222222222
0 0.5890625 0.925 0.05625 0.15
0 0.848828125 0.4354166666666667 0.02265625 0.10416666666666667
0 0.91328125 0.44027777777777777 0.021875 0.1
0 0.940625 0.3875 0.0390625 0.08888888888888889
4 0.208203125 0.09652777777777778 0.21796875 0.04583333333333333