3 0.291796875 0.4840277777777778 0.01171875 0.015277777777777777
1 0.17890625 0.45069444444444445 0.040625 0.09027777777777778
2 0.92734375 0.5444444444444444 0.0265625 0.11666666666666667
0 0.985546875 0.4013888888888889 0.02578125 0.08333333333333333
0 0.880078125 0.3972222222222222 0.02109375 0.08055555555555556
0 0.8640625 0.44305555555555554 0.0125 0.09166666666666666
0 0.83671875 0.4173611111111111 0.015625 0.07361111111111111
0 0.842578125 0.49027777777777776 0.02734375 0.10277777777777777
0 0.799609375 0.5736111111111111 0.02265625 0.11944444444444445
0 0.79609375 0.42430555555555555 0.01875 0.0875
0 0.508984375 0.4534722222222222 0.02421875 0.09305555555555556
0 0.493359375 0.44722222222222224 0.02421875 0.08888888888888889
0 0.389453125 0.55625 0.03671875 0.12083333333333333
0 0.3328125 0.6756944444444445 0.025 0.1375
6 0.583984375 0.32013888888888886 0.01640625 0.0763888888888889
4 0.20703125 0.09722222222222222 0.2171875 0.044444444444444446
7 0.055078125 0.43194444444444446 0.11015625 0.17222222222222222
5 0.301953125 0.5638888888888889 0.01171875 0.016666666666666666