5 0.287890625 0.5333333333333333 0.01171875 0.016666666666666666
1 0.1328125 0.4548611111111111 0.034375 0.09027777777777778
7 0.048046875 0.3923611111111111 0.09609375 0.15138888888888888
6 0.555859375 0.30694444444444446 0.02109375 0.06666666666666667
3 0.701953125 0.5402777777777777 0.01015625 0.019444444444444445
3 0.301953125 0.37430555555555556 0.00703125 0.0125
2 0.8421875 0.5548611111111111 0.03125 0.1125
0 0.7578125 0.4736111111111111 0.03125 0.10277777777777777
0 0.716796875 0.5409722222222222 0.04609375 0.10972222222222222
0 0.721484375 0.4909722222222222 0.04453125 0.09583333333333334
0 0.704296875 0.4444444444444444 0.02578125 0.10277777777777777
0 0.638671875 0.46805555555555556 0.03046875 0.09722222222222222
0 0.60859375 0.47638888888888886 0.025 0.08333333333333333
0 0.492578125 0.5416666666666666 0.04453125 0.10833333333333334
0 0.427734375 0.5847222222222223 0.02734375 0.11944444444444445
4 0.20703125 0.09444444444444444 0.215625 0.044444444444444446