5 0.423046875 0.3020833333333333 0.00703125 0.0125
1 0.348046875 0.28055555555555556 0.02109375 0.05555555555555555
7 0.258203125 0.23680555555555555 0.12421875 0.11527777777777778
4 0.209375 0.09513888888888888 0.215625 0.04583333333333333
2 0.848828125 0.48541666666666666 0.03671875 0.10138888888888889
3 0.141015625 0.5743055555555555 0.01328125 0.020833333333333332
0 0.1671875 0.6444444444444445 0.03125 0.10555555555555556
0 0.206640625 0.59375 0.03046875 0.0875
0 0.437890625 0.46458333333333335 0.01953125 0.0875
0 0.519140625 0.5034722222222222 0.02890625 0.09583333333333334
0 0.572265625 0.6458333333333334 0.02734375 0.11388888888888889
0 0.860546875 0.6722222222222223 0.02109375 0.13333333333333333
0 0.93828125 0.3819444444444444 0.0265625 0.08055555555555556
0 0.6671875 0.32222222222222224 0.0265625 0.07222222222222222
0 0.578515625 0.37222222222222223 0.02265625 0.075
0 0.5171875 0.38680555555555557 0.021875 0.08194444444444444
6 0.580078125 0.1701388888888889 0.02109375 0.043055555555555555
4 0.20859375 0.09444444444444444 0.215625 0.04722222222222222