5 0.680078125 0.44166666666666665 0.00703125 0.013888888888888888
1 0.515625 0.37083333333333335 0.0234375 0.07777777777777778
7 0.45546875 0.3388888888888889 0.165625 0.1388888888888889
4 0.207421875 0.09791666666666667 0.21796875 0.04583333333333333
3 0.373828125 0.76875 0.01484375 0.029166666666666667
0 0.444140625 0.7222222222222222 0.04765625 0.12777777777777777
0 0.46015625 0.6645833333333333 0.04375 0.13194444444444445
0 0.677734375 0.6916666666666667 0.03515625 0.1361111111111111
0 0.725 0.6506944444444445 0.040625 0.13194444444444445
0 0.94140625 0.8708333333333333 0.0484375 0.1638888888888889
2 0.90859375 0.5555555555555556 0.0234375 0.12777777777777777
0 0.971484375 0.45555555555555555 0.02265625 0.1
0 0.925390625 0.39652777777777776 0.02109375 0.0875
0 0.822265625 0.45625 0.02265625 0.09027777777777778
0 0.80703125 0.4270833333333333 0.0265625 0.10416666666666667
0 0.7625 0.5090277777777777 0.025 0.1125
0 0.6484375 0.5104166666666666 0.0328125 0.10972222222222222
6 0.921875 0.26180555555555557 0.0171875 0.05694444444444444