5 0.169921875 0.6951388888888889 0.01015625 0.018055555555555554
2 0.689453125 0.6638888888888889 0.02578125 0.1361111111111111
6 0.496875 0.42083333333333334 0.0171875 0.075
0 0.409765625 0.49722222222222223 0.02421875 0.09722222222222222
3 0.639453125 0.3993055555555556 0.00703125 0.0125
0 0.653515625 0.42291666666666666 0.01796875 0.0875
0 0.966796875 0.4798611111111111 0.01640625 0.10138888888888889
0 0.7734375 0.4798611111111111 0.015625 0.0763888888888889
0 0.58515625 0.5 0.0140625 0.10277777777777777
0 0.569921875 0.5194444444444445 0.02109375 0.09166666666666666
0 0.50703125 0.5368055555555555 0.0296875 0.10972222222222222
0 0.496875 0.5048611111111111 0.0140625 0.08472222222222223
0 0.43828125 0.6166666666666667 0.0265625 0.10833333333333334
0 0.30078125 0.5909722222222222 0.0171875 0.1125
0 0.284765625 0.5791666666666667 0.01953125 0.1111111111111111
0 0.319921875 0.5291666666666667 0.01484375 0.10833333333333334
0 0.192578125 0.5854166666666667 0.02109375 0.11805555555555555
0 0.2234375 0.7090277777777778 0.0234375 0.14027777777777778
0 0.23203125 0.7381944444444445 0.0234375 0.1375
0 0.08046875 0.6298611111111111 0.0296875 0.13194444444444445
4 0.20859375 0.09722222222222222 0.215625 0.044444444444444446
0 0.723828125 0.7277777777777777 0.03671875 0.14166666666666666