5 0.173828125 0.58125 0.00703125 0.015277777777777777
3 0.71171875 0.5131944444444444 0.009375 0.018055555555555554
1 0.465234375 0.46875 0.04296875 0.10694444444444444
0 0.61953125 0.6069444444444444 0.0296875 0.12777777777777777
0 0.747265625 0.7256944444444444 0.05390625 0.1486111111111111
0 0.1890625 0.6125 0.034375 0.14166666666666666
0 0.365234375 0.5666666666666667 0.01640625 0.11666666666666667
0 0.334765625 0.5513888888888889 0.02734375 0.12222222222222222
0 0.359765625 0.5 0.02578125 0.10555555555555556
0 0.291015625 0.46944444444444444 0.03359375 0.1111111111111111
0 0.05390625 0.41805555555555557 0.025 0.10277777777777777
4 0.2078125 0.09652777777777778 0.2109375 0.043055555555555555
7 0.50703125 0.42430555555555555 0.2453125 0.1875