5 0.694921875 0.5784722222222223 0.01171875 0.020833333333333332
2 0.873828125 0.7368055555555556 0.04765625 0.15694444444444444
1 0.46171875 0.47708333333333336 0.0375 0.09861111111111111
0 0.884765625 0.5027777777777778 0.03359375 0.125
0 0.596875 0.5430555555555555 0.0359375 0.12222222222222222
0 0.565234375 0.6041666666666666 0.02265625 0.13333333333333333
0 0.633203125 0.6708333333333333 0.03046875 0.15555555555555556
0 0.6078125 0.6833333333333333 0.025 0.17222222222222222
0 0.4625 0.6388888888888888 0.025 0.14166666666666666
0 0.46484375 0.5513888888888889 0.0375 0.1111111111111111
3 0.534765625 0.47847222222222224 0.01171875 0.02361111111111111
0 0.42109375 0.6513888888888889 0.025 0.15555555555555556
0 0.127734375 0.6618055555555555 0.03515625 0.13194444444444445
7 0.360546875 0.42916666666666664 0.24921875 0.20277777777777778
4 0.2078125 0.09652777777777778 0.215625 0.04861111111111111
0 0.690234375 0.88125 0.05390625 0.1875