5 0.3453125 0.4875 0.0109375 0.013888888888888888
3 0.56875 0.6534722222222222 0.0109375 0.02638888888888889
2 0.860546875 0.5388888888888889 0.03359375 0.12777777777777777
0 0.944921875 0.3458333333333333 0.02421875 0.07777777777777778
0 0.901953125 0.4201388888888889 0.03046875 0.09861111111111111
0 0.919921875 0.48819444444444443 0.02265625 0.12083333333333333
0 0.92109375 0.5090277777777777 0.0390625 0.12083333333333333
0 0.759765625 0.39166666666666666 0.02890625 0.08888888888888889
0 0.5390625 0.4388888888888889 0.03125 0.11666666666666667
0 0.45390625 0.45555555555555555 0.03125 0.1111111111111111
0 0.43046875 0.6430555555555556 0.0546875 0.11666666666666667
0 0.64140625 0.6395833333333333 0.0453125 0.11527777777777778
0 0.737890625 0.6784722222222223 0.04453125 0.10416666666666667
0 0.2953125 0.4701388888888889 0.0265625 0.09861111111111111
0 0.280859375 0.5409722222222222 0.02578125 0.11805555555555555
0 0.23046875 0.5263888888888889 0.034375 0.08888888888888889
1 0.06328125 0.4027777777777778 0.03125 0.1111111111111111
7 0.058984375 0.35625 0.11796875 0.1597222222222222
4 0.208203125 0.09583333333333334 0.21484375 0.04722222222222222
6 0.5671875 0.26180555555555557 0.0125 0.0625