5 0.458203125 0.4486111111111111 0.00859375 0.011111111111111112
1 0.6296875 0.3909722222222222 0.0265625 0.06805555555555555
7 0.65859375 0.36180555555555555 0.1640625 0.12638888888888888
3 0.70546875 0.7111111111111111 0.0109375 0.016666666666666666
0 0.7140625 0.6347222222222222 0.0296875 0.08055555555555556
0 0.687109375 0.6708333333333333 0.03984375 0.10277777777777777
0 0.641015625 0.6194444444444445 0.02890625 0.09166666666666666
0 0.600390625 0.5381944444444444 0.03046875 0.0875
0 0.587109375 0.5069444444444444 0.02109375 0.08055555555555556
0 0.39609375 0.6569444444444444 0.028125 0.12222222222222222
0 0.332421875 0.6416666666666667 0.03359375 0.10555555555555556
0 0.446875 0.45069444444444445 0.025 0.07916666666666666
0 0.371875 0.425 0.021875 0.08333333333333333
0 0.339453125 0.42083333333333334 0.02109375 0.08055555555555556
0 0.287890625 0.4083333333333333 0.01484375 0.07222222222222222
0 0.18515625 0.4930555555555556 0.0328125 0.08333333333333333
2 0.113671875 0.5041666666666667 0.02109375 0.09444444444444444
0 0.093359375 0.46944444444444444 0.02890625 0.09722222222222222
0 0.16015625 0.40069444444444446 0.0234375 0.0763888888888889
0 0.0546875 0.38958333333333334 0.0203125 0.07083333333333333
4 0.207421875 0.09722222222222222 0.21484375 0.044444444444444446
6 0.230078125 0.2875 0.02109375 0.05277777777777778