1 0.99296875 0.3902777777777778 0.0140625 0.08333333333333333
5 0.821484375 0.4798611111111111 0.01015625 0.015277777777777777
0 0.9328125 0.8625 0.0578125 0.16666666666666666
0 0.838671875 0.5381944444444444 0.02578125 0.10694444444444444
0 0.75859375 0.5041666666666667 0.0265625 0.1
0 0.71796875 0.6520833333333333 0.0484375 0.10138888888888889
0 0.708984375 0.475 0.01484375 0.10277777777777777
0 0.643359375 0.43125 0.01796875 0.10138888888888889
0 0.572265625 0.42083333333333334 0.02734375 0.08333333333333333
0 0.504296875 0.4326388888888889 0.03203125 0.08194444444444444
0 0.479296875 0.41805555555555557 0.02109375 0.09166666666666666
3 0.456640625 0.46111111111111114 0.01171875 0.019444444444444445
0 0.42890625 0.4722222222222222 0.0328125 0.09166666666666666
2 0.34453125 0.4361111111111111 0.025 0.09444444444444444
0 0.310546875 0.42430555555555555 0.01328125 0.09027777777777778
0 0.308984375 0.4097222222222222 0.01640625 0.08055555555555556
0 0.323046875 0.3458333333333333 0.02421875 0.07777777777777778
0 0.25859375 0.39375 0.0171875 0.09027777777777778
0 0.216015625 0.3326388888888889 0.01484375 0.06805555555555555
0 0.13203125 0.44166666666666665 0.0234375 0.08611111111111111
0 0.146875 0.5854166666666667 0.0390625 0.11527777777777778
0 0.073828125 0.5263888888888889 0.03203125 0.12222222222222222
4 0.2078125 0.09652777777777778 0.215625 0.04583333333333333
6 0.5671875 0.27152777777777776 0.0125 0.06805555555555555