5 0.505859375 0.5909722222222222 0.01015625 0.0125
3 0.5609375 0.4701388888888889 0.0109375 0.015277777777777777
1 0.6046875 0.4395833333333333 0.034375 0.06805555555555555
0 0.65078125 0.46458333333333335 0.025 0.10694444444444444
0 0.708984375 0.4986111111111111 0.03671875 0.10555555555555556
0 0.611328125 0.5430555555555555 0.02578125 0.1111111111111111
0 0.45859375 0.5083333333333333 0.0375 0.1111111111111111
0 0.493359375 0.42083333333333334 0.03515625 0.1
0 0.478515625 0.42083333333333334 0.03203125 0.09166666666666666
0 0.30859375 0.5777777777777777 0.034375 0.13055555555555556
0 0.271484375 0.4722222222222222 0.03515625 0.11666666666666667
0 0.309375 0.4375 0.0234375 0.10555555555555556
6 0.16328125 0.3236111111111111 0.0234375 0.06944444444444445
4 0.206640625 0.09513888888888888 0.21484375 0.0375
7 0.852734375 0.4388888888888889 0.26953125 0.2