5 0.183203125 0.5083333333333333 0.00859375 0.013888888888888888
1 0.288671875 0.43125 0.01484375 0.07916666666666666
3 0.36796875 0.45902777777777776 0.009375 0.018055555555555554
6 0.39375 0.32569444444444445 0.0109375 0.05694444444444444
7 0.016796875 0.40208333333333335 0.03359375 0.10972222222222222
0 0.5578125 0.7694444444444445 0.034375 0.125
0 0.67734375 0.5131944444444444 0.028125 0.06805555555555555
0 0.75390625 0.4840277777777778 0.021875 0.0875
0 0.72109375 0.38680555555555557 0.009375 0.06527777777777778
0 0.6421875 0.41388888888888886 0.0234375 0.075
4 0.20859375 0.09583333333333334 0.2171875 0.041666666666666664