5 0.278515625 0.37222222222222223 0.01171875 0.013888888888888888
1 0.180078125 0.3298611111111111 0.01796875 0.07361111111111111
7 0.08125 0.29791666666666666 0.1484375 0.12083333333333333
4 0.208984375 0.09791666666666667 0.21640625 0.043055555555555555
6 0.4515625 0.225 0.009375 0.04722222222222222
3 0.491015625 0.5909722222222222 0.01796875 0.020833333333333332
0 0.182421875 0.4965277777777778 0.02109375 0.10972222222222222
0 0.466796875 0.6868055555555556 0.03046875 0.12361111111111112
0 0.29921875 0.9708333333333333 0.03125 0.058333333333333334
0 0.937890625 0.8118055555555556 0.04609375 0.1625
0 0.815625 0.6819444444444445 0.0171875 0.13055555555555556
0 0.926953125 0.5534722222222223 0.02578125 0.10972222222222222
0 0.771484375 0.4340277777777778 0.01484375 0.07361111111111111
0 0.771484375 0.34652777777777777 0.01953125 0.059722222222222225
0 0.604296875 0.4097222222222222 0.02421875 0.09166666666666666
0 0.525390625 0.5513888888888889 0.01953125 0.08888888888888889
0 0.515625 0.5097222222222222 0.021875 0.08611111111111111
0 0.505859375 0.3090277777777778 0.01328125 0.0625