6 0.23515625 0.39444444444444443 0.015625 0.06944444444444445
4 0.208203125 0.09513888888888888 0.21953125 0.04583333333333333
2 0.444921875 0.6291666666666667 0.03671875 0.11944444444444445
0 0.73046875 0.6618055555555555 0.0328125 0.1375
0 0.84765625 0.5180555555555556 0.040625 0.08333333333333333
3 0.837890625 0.4840277777777778 0.01015625 0.020833333333333332
0 0.82109375 0.44722222222222224 0.025 0.08888888888888889
0 0.68203125 0.4625 0.0296875 0.06388888888888888
0 0.696875 0.4548611111111111 0.0203125 0.07361111111111111
0 0.532421875 0.42916666666666664 0.01953125 0.08888888888888889
0 0.505859375 0.45416666666666666 0.03203125 0.08333333333333333
0 0.408203125 0.5951388888888889 0.04609375 0.10416666666666667
0 0.37421875 0.7618055555555555 0.0375 0.14305555555555555
0 0.383984375 0.5118055555555555 0.03046875 0.09861111111111111
0 0.34453125 0.4777777777777778 0.0203125 0.08333333333333333
0 0.32109375 0.47430555555555554 0.0234375 0.0875
0 0.175390625 0.5208333333333334 0.02890625 0.1111111111111111
0 0.122265625 0.5944444444444444 0.04296875 0.12222222222222222
0 0.07265625 0.5840277777777778 0.0265625 0.12361111111111112