3 0.235546875 0.4326388888888889 0.00859375 0.015277777777777777
5 0.11484375 0.4875 0.009375 0.013888888888888888
1 0.1875 0.4048611111111111 0.05 0.07361111111111111
6 0.35 0.2875 0.0171875 0.05
4 0.207421875 0.09652777777777778 0.21640625 0.04861111111111111
0 0.28515625 0.49722222222222223 0.0328125 0.10833333333333334
0 0.39453125 0.43472222222222223 0.03125 0.08611111111111111
0 0.52265625 0.7256944444444444 0.0390625 0.12361111111111112
0 0.637890625 0.47708333333333336 0.02734375 0.09861111111111111
0 0.69609375 0.38333333333333336 0.01875 0.075
0 0.722265625 0.38958333333333334 0.01953125 0.07361111111111111
0 0.8390625 0.44027777777777777 0.01875 0.08888888888888889
0 0.84765625 0.44583333333333336 0.021875 0.08333333333333333