3 0.327734375 0.5048611111111111 0.01015625 0.0125
1 0.346484375 0.4979166666666667 0.04453125 0.020833333333333332
2 0.697265625 0.6152777777777778 0.03828125 0.11666666666666667
6 0.908984375 0.30486111111111114 0.02578125 0.05694444444444444
0 0.848828125 0.7951388888888888 0.05078125 0.16527777777777777
0 0.059375 0.6729166666666667 0.0359375 0.12916666666666668
0 0.19375 0.5680555555555555 0.0296875 0.10555555555555556
0 0.4015625 0.5479166666666667 0.0296875 0.11527777777777778
0 0.527734375 0.63125 0.02734375 0.11805555555555555
0 0.615625 0.5152777777777777 0.0234375 0.10555555555555556
0 0.679296875 0.47291666666666665 0.02578125 0.10416666666666667
0 0.64453125 0.4576388888888889 0.0125 0.09861111111111111
0 0.57265625 0.4652777777777778 0.025 0.09444444444444444
0 0.565625 0.44027777777777777 0.0234375 0.09444444444444444
0 0.40546875 0.4583333333333333 0.0171875 0.09444444444444444
0 0.3921875 0.44375 0.0203125 0.09027777777777778
0 0.341015625 0.4444444444444444 0.01796875 0.09166666666666666
7 0.369140625 0.39791666666666664 0.19921875 0.1625
4 0.2078125 0.09652777777777778 0.2171875 0.04861111111111111