5 0.290625 0.41388888888888886 0.0125 0.016666666666666666
3 0.56171875 0.3902777777777778 0.0125 0.022222222222222223
1 0.612890625 0.3819444444444444 0.04921875 0.10555555555555556
6 0.4203125 0.12777777777777777 0.01875 0.058333333333333334
0 0.98359375 0.6597222222222222 0.0328125 0.175
0 0.77421875 0.675 0.0453125 0.18055555555555555
0 0.487109375 0.3715277777777778 0.03359375 0.12083333333333333
0 0.515234375 0.4027777777777778 0.03359375 0.10833333333333334
0 0.332421875 0.45 0.06171875 0.13333333333333333
0 0.38125 0.28680555555555554 0.025 0.09861111111111111
0 0.294140625 0.32916666666666666 0.02578125 0.11944444444444445
0 0.24453125 0.27361111111111114 0.0421875 0.1111111111111111
0 0.14765625 0.5506944444444445 0.0421875 0.1486111111111111
0 0.11015625 0.39444444444444443 0.0390625 0.11666666666666667
0 0.021484375 0.3055555555555556 0.02578125 0.10833333333333334
4 0.2078125 0.09513888888888888 0.2140625 0.04583333333333333
7 0.705078125 0.31805555555555554 0.17109375 0.23333333333333334