3 0.2 0.75 0.0171875 0.03333333333333333
0 0.18046875 0.6979166666666666 0.0359375 0.15138888888888888
0 0.52265625 0.5152777777777777 0.03125 0.11388888888888889
0 0.512109375 0.4375 0.02421875 0.10277777777777777
0 0.567578125 0.44930555555555557 0.02578125 0.1125
0 0.68515625 0.4048611111111111 0.025 0.10416666666666667
0 0.75546875 0.38472222222222224 0.01875 0.1
0 0.78828125 0.35347222222222224 0.028125 0.10138888888888889
0 0.81875 0.39305555555555555 0.0234375 0.10833333333333334
2 0.8734375 0.4847222222222222 0.028125 0.1111111111111111
0 0.88359375 0.44722222222222224 0.0234375 0.1111111111111111
0 0.907421875 0.40347222222222223 0.01796875 0.10416666666666667
0 0.922265625 0.3902777777777778 0.02265625 0.09444444444444444
0 0.942578125 0.38125 0.02109375 0.1125
0 0.981640625 0.33819444444444446 0.02578125 0.09583333333333334
0 0.88046875 0.34444444444444444 0.021875 0.09444444444444444
0 0.836328125 0.33402777777777776 0.02265625 0.08472222222222223
0 0.8453125 0.33541666666666664 0.0203125 0.08194444444444444
1 0.606640625 0.31666666666666665 0.01796875 0.08333333333333333
7 0.5703125 0.28888888888888886 0.1765625 0.15
4 0.208203125 0.09722222222222222 0.21796875 0.04722222222222222