5 0.2546875 0.5854166666666667 0.0140625 0.02361111111111111
1 0.0421875 0.4895833333333333 0.025 0.09027777777777778
7 0.03515625 0.4576388888888889 0.0703125 0.14583333333333334
4 0.206640625 0.09861111111111111 0.21640625 0.044444444444444446
2 0.680859375 0.6111111111111112 0.02734375 0.10833333333333334
3 0.63125 0.5861111111111111 0.0125 0.016666666666666666
6 0.515625 0.36875 0.0109375 0.0625
0 0.769921875 0.8159722222222222 0.02734375 0.14305555555555555
0 0.78828125 0.5805555555555556 0.0390625 0.10277777777777777
0 0.786328125 0.525 0.03203125 0.08611111111111111
0 0.889453125 0.46805555555555556 0.02890625 0.07222222222222222
0 0.7984375 0.4222222222222222 0.01875 0.07777777777777778
0 0.6546875 0.47638888888888886 0.0125 0.08055555555555556
0 0.68359375 0.5145833333333333 0.028125 0.0763888888888889
0 0.712890625 0.5597222222222222 0.03671875 0.09444444444444444
0 0.622265625 0.5388888888888889 0.04140625 0.03611111111111111
0 0.616015625 0.44722222222222224 0.01640625 0.08055555555555556
0 0.5734375 0.4736111111111111 0.0203125 0.08888888888888889
0 0.4109375 0.5118055555555555 0.0171875 0.09027777777777778
0 0.35078125 0.5201388888888889 0.021875 0.0875
0 0.3328125 0.5319444444444444 0.01875 0.07222222222222222
0 0.33515625 0.575 0.01875 0.10277777777777777
0 0.30078125 0.5861111111111111 0.025 0.11388888888888889
0 0.237109375 0.6784722222222223 0.04296875 0.12361111111111112
0 0.226171875 0.5840277777777778 0.02109375 0.11527777777777778