6 0.2609375 0.4 0.021875 0.08055555555555556
4 0.20703125 0.09652777777777778 0.215625 0.04583333333333333
2 0.35703125 0.6708333333333333 0.025 0.1361111111111111
3 0.600390625 0.50625 0.00859375 0.015277777777777777
0 0.603515625 0.6777777777777778 0.02421875 0.12777777777777777
0 0.812109375 0.5590277777777778 0.02109375 0.10972222222222222
0 0.843359375 0.5645833333333333 0.02421875 0.11805555555555555
0 0.865625 0.48819444444444443 0.0359375 0.08194444444444444
0 0.780859375 0.47638888888888886 0.03203125 0.09722222222222222
0 0.60703125 0.51875 0.025 0.09305555555555556
0 0.594921875 0.47430555555555554 0.03359375 0.06527777777777778
0 0.555859375 0.4479166666666667 0.03203125 0.07083333333333333
0 0.46796875 0.49027777777777776 0.0203125 0.09444444444444444
0 0.3984375 0.49166666666666664 0.025 0.07777777777777778
0 0.370703125 0.5402777777777777 0.03203125 0.1
0 0.38359375 0.6375 0.021875 0.13055555555555556
0 0.30390625 0.7826388888888889 0.0359375 0.14583333333333334
0 0.15 0.5756944444444444 0.0328125 0.12916666666666668
0 0.04921875 0.6104166666666667 0.0265625 0.12916666666666668