1 0.22109375 0.4375 0.0328125 0.10555555555555556
5 0.546875 0.5277777777777778 0.009375 0.019444444444444445
3 0.3484375 0.6847222222222222 0.0140625 0.025
2 0.86953125 0.575 0.040625 0.1388888888888889
6 0.89375 0.2423611111111111 0.015625 0.09583333333333334
0 0.93828125 0.4083333333333333 0.0234375 0.11944444444444445
0 0.95 0.46944444444444444 0.025 0.12777777777777777
0 0.7046875 0.39652777777777776 0.01875 0.12083333333333333
0 0.585546875 0.41805555555555557 0.02578125 0.12222222222222222
0 0.542578125 0.40625 0.01953125 0.10416666666666667
0 0.56328125 0.36527777777777776 0.021875 0.08888888888888889
0 0.494921875 0.53125 0.04140625 0.12638888888888888
0 0.421875 0.5493055555555556 0.0453125 0.12638888888888888
0 0.38671875 0.6444444444444445 0.059375 0.11944444444444445
0 0.3 0.5361111111111111 0.05 0.11388888888888889
7 0.20078125 0.3770833333333333 0.2609375 0.20416666666666666
4 0.207421875 0.09652777777777778 0.21640625 0.043055555555555555