5 0.591015625 0.45416666666666666 0.01171875 0.013888888888888888
3 0.396484375 0.5097222222222222 0.00859375 0.016666666666666666
0 0.328515625 0.5930555555555556 0.02890625 0.12222222222222222
0 0.41328125 0.47430555555555554 0.0265625 0.10138888888888889
1 0.442578125 0.49027777777777776 0.07109375 0.04722222222222222
0 0.53984375 0.4527777777777778 0.0328125 0.10555555555555556
0 0.583203125 0.40208333333333335 0.04453125 0.09305555555555556
0 0.503515625 0.5958333333333333 0.02109375 0.125
0 0.93359375 0.4423611111111111 0.04375 0.10694444444444444
6 0.85859375 0.24097222222222223 0.0109375 0.0625
7 0.3296875 0.33958333333333335 0.2 0.16527777777777777
4 0.208203125 0.09652777777777778 0.21328125 0.043055555555555555