5 0.283203125 0.4576388888888889 0.01171875 0.015277777777777777
1 0.419921875 0.3902777777777778 0.02421875 0.07222222222222222
7 0.471484375 0.3659722222222222 0.14609375 0.1125
0 0.75 0.8340277777777778 0.053125 0.0625
0 0.56953125 0.5618055555555556 0.0265625 0.06805555555555555
0 0.536328125 0.5722222222222222 0.02734375 0.10833333333333334
0 0.459375 0.5923611111111111 0.0359375 0.09583333333333334
0 0.30859375 0.4618055555555556 0.01875 0.09305555555555556
0 0.18203125 0.5930555555555556 0.01875 0.10555555555555556
0 0.01953125 0.6708333333333333 0.0390625 0.11944444444444445
0 0.05 0.4965277777777778 0.0390625 0.09861111111111111
2 0.017578125 0.4576388888888889 0.01953125 0.0763888888888889
0 0.0421875 0.4041666666666667 0.0203125 0.075
0 0.0578125 0.3923611111111111 0.0265625 0.07083333333333333
0 0.13671875 0.40694444444444444 0.0203125 0.06944444444444445
0 0.1484375 0.4166666666666667 0.0140625 0.06944444444444445
0 0.1546875 0.42569444444444443 0.0203125 0.07361111111111111
0 0.171484375 0.425 0.01484375 0.07222222222222222
0 0.1953125 0.4326388888888889 0.0140625 0.07361111111111111
0 0.208984375 0.4263888888888889 0.01484375 0.07222222222222222
6 0.0734375 0.30486111111111114 0.0125 0.05416666666666667
4 0.207421875 0.09722222222222222 0.21796875 0.044444444444444446
3 0.764453125 0.8333333333333334 0.00859375 0.011111111111111112