5 0.45 0.4798611111111111 0.0078125 0.009722222222222222
3 0.468359375 0.11319444444444444 0.00703125 0.0125
1 0.605078125 0.39305555555555555 0.02109375 0.06944444444444445
7 0.663671875 0.37430555555555556 0.16015625 0.13472222222222222
0 0.640234375 0.6756944444444445 0.03515625 0.10416666666666667
0 0.6359375 0.4708333333333333 0.028125 0.06111111111111111
0 0.60546875 0.43680555555555556 0.034375 0.07083333333333333
0 0.533984375 0.48055555555555557 0.03515625 0.06388888888888888
0 0.5171875 0.38680555555555557 0.025 0.05694444444444444
0 0.510546875 0.3798611111111111 0.01484375 0.05138888888888889
0 0.491796875 0.41388888888888886 0.01953125 0.058333333333333334
0 0.469140625 0.3736111111111111 0.01953125 0.05555555555555555
0 0.4515625 0.42986111111111114 0.0234375 0.06805555555555555
0 0.430078125 0.4 0.01953125 0.06388888888888888
0 0.362890625 0.33611111111111114 0.02109375 0.06666666666666667
0 0.3125 0.36666666666666664 0.0171875 0.06111111111111111
0 0.298828125 0.3284722222222222 0.01640625 0.0625
2 0.184765625 0.37777777777777777 0.01328125 0.06666666666666667
6 0.22421875 0.28125 0.0203125 0.04583333333333333
0 0.284375 0.5125 0.021875 0.075
0 0.0234375 0.3625 0.0234375 0.06666666666666667