5 0.50234375 0.5465277777777777 0.009375 0.018055555555555554
3 0.257421875 0.4583333333333333 0.01171875 0.016666666666666666
2 0.17578125 0.4215277777777778 0.0359375 0.12638888888888888
6 0.1625 0.2388888888888889 0.0203125 0.07222222222222222
0 0.143359375 0.24930555555555556 0.01953125 0.06805555555555555
0 0.016796875 0.35625 0.03359375 0.11805555555555555
0 0.873046875 0.48333333333333334 0.04296875 0.09444444444444444
0 0.742578125 0.4305555555555556 0.02265625 0.10555555555555556
0 0.729296875 0.42986111111111114 0.01953125 0.0875
0 0.725 0.41458333333333336 0.025 0.0875
0 0.72265625 0.4736111111111111 0.028125 0.11944444444444445
0 0.713671875 0.4388888888888889 0.02265625 0.09722222222222222
0 0.7046875 0.4409722222222222 0.021875 0.11527777777777778
7 0.833984375 0.3875 0.24921875 0.21388888888888888
0 0.6140625 0.4284722222222222 0.03125 0.10138888888888889
0 0.5984375 0.43333333333333335 0.021875 0.10277777777777777
0 0.583203125 0.43333333333333335 0.02734375 0.11388888888888889
1 0.575 0.43472222222222223 0.025 0.08611111111111111
0 0.5515625 0.41805555555555557 0.0265625 0.10833333333333334
0 0.544921875 0.43333333333333335 0.06328125 0.044444444444444446
0 0.2046875 0.36666666666666664 0.0296875 0.07222222222222222
0 0.4625 0.4798611111111111 0.04375 0.10416666666666667