5 0.140234375 0.3159722222222222 0.00703125 0.009722222222222222
3 0.2125 0.36319444444444443 0.0078125 0.015277777777777777
1 0.01484375 0.24444444444444444 0.0296875 0.08888888888888889
6 0.349609375 0.10625 0.02109375 0.05138888888888889
0 0.201953125 0.3263888888888889 0.02421875 0.08888888888888889
0 0.35546875 0.3104166666666667 0.01875 0.09861111111111111
0 0.5703125 0.19444444444444445 0.01875 0.06944444444444445
0 0.653515625 0.2833333333333333 0.01484375 0.07222222222222222
0 0.698046875 0.3923611111111111 0.03671875 0.09305555555555556
0 0.81953125 0.2902777777777778 0.015625 0.08055555555555556
2 0.976171875 0.32222222222222224 0.02109375 0.10555555555555556
0 0.793359375 0.4722222222222222 0.04453125 0.10277777777777777
0 0.6875 0.5826388888888889 0.028125 0.11805555555555555
0 0.101953125 0.8104166666666667 0.03515625 0.15416666666666667