5 0.286328125 0.25625 0.00546875 0.004166666666666667
3 0.11171875 0.2625 0.00625 0.005555555555555556
6 0.396875 0.1326388888888889 0.0125 0.03194444444444444
7 0.16640625 0.21944444444444444 0.0890625 0.08611111111111111
3 0.461328125 0.7361111111111112 0.00859375 0.019444444444444445
0 0.436328125 0.725 0.03671875 0.10277777777777777
0 0.397265625 0.625 0.02734375 0.09166666666666666
0 0.4296875 0.47708333333333336 0.0203125 0.06805555555555555
0 0.542578125 0.5194444444444445 0.01953125 0.07777777777777778
0 0.636328125 0.6652777777777777 0.04296875 0.09166666666666666
0 0.8015625 0.5472222222222223 0.028125 0.1
0 0.8265625 0.5631944444444444 0.0234375 0.09583333333333334
2 0.70625 0.39305555555555555 0.021875 0.07222222222222222
0 0.7390625 0.33055555555555555 0.015625 0.06111111111111111
0 0.7578125 0.30972222222222223 0.0203125 0.05555555555555555
0 0.644140625 0.3736111111111111 0.02578125 0.058333333333333334
0 0.631640625 0.23333333333333334 0.01484375 0.03611111111111111
0 0.608203125 0.23541666666666666 0.01640625 0.043055555555555555
0 0.56015625 0.3 0.0171875 0.05555555555555555
0 0.54296875 0.30069444444444443 0.01875 0.05138888888888889
0 0.428125 0.3972222222222222 0.01875 0.06944444444444445
0 0.902734375 0.9388888888888889 0.04765625 0.12222222222222222