5 0.737890625 0.4888888888888889 0.00859375 0.008333333333333333
1 0.93515625 0.38472222222222224 0.028125 0.08611111111111111
3 0.953125 0.37916666666666665 0.00625 0.013888888888888888
7 0.958203125 0.33402777777777776 0.08359375 0.1486111111111111
0 0.88125 0.4625 0.03125 0.1
0 0.84609375 0.49444444444444446 0.0265625 0.11388888888888889
0 0.749609375 0.44583333333333336 0.01953125 0.10833333333333334
0 0.75625 0.4361111111111111 0.025 0.1
0 0.6859375 0.4534722222222222 0.0265625 0.10416666666666667
0 0.51171875 0.5194444444444445 0.05 0.11666666666666667
0 0.533203125 0.4736111111111111 0.02421875 0.09722222222222222
0 0.616796875 0.4340277777777778 0.02890625 0.09583333333333334
0 0.6203125 0.4201388888888889 0.025 0.08472222222222223
0 0.612890625 0.41180555555555554 0.02890625 0.08472222222222223
0 0.548046875 0.3680555555555556 0.01484375 0.08611111111111111
0 0.54296875 0.375 0.0203125 0.08333333333333333
0 0.464453125 0.3909722222222222 0.01484375 0.08472222222222223
0 0.47890625 0.3993055555555556 0.0234375 0.09305555555555556
6 0.4546875 0.22361111111111112 0.021875 0.07222222222222222
0 0.399609375 0.3076388888888889 0.01796875 0.07361111111111111
2 0.35703125 0.34791666666666665 0.0203125 0.0875
0 0.26328125 0.33819444444444446 0.0234375 0.0625
3 0.251171875 0.4513888888888889 0.00859375 0.016666666666666666
0 0.218359375 0.4083333333333333 0.03046875 0.08611111111111111
0 0.205078125 0.39791666666666664 0.03046875 0.06805555555555555
0 0.0578125 0.35833333333333334 0.028125 0.09444444444444444