5 0.028515625 0.4326388888888889 0.01015625 0.009722222222222222
1 0.04453125 0.3090277777777778 0.015625 0.07083333333333333
6 0.2421875 0.22152777777777777 0.01875 0.05138888888888889
3 0.492578125 0.34791666666666665 0.00546875 0.009722222222222222
0 0.458203125 0.3125 0.01484375 0.06944444444444445
0 0.298828125 0.38055555555555554 0.02421875 0.07777777777777778
0 0.591796875 0.3763888888888889 0.01640625 0.075
0 0.598828125 0.5194444444444445 0.02578125 0.08888888888888889
0 0.52109375 0.6236111111111111 0.040625 0.1
0 0.7953125 0.5013888888888889 0.034375 0.09444444444444444
2 0.85546875 0.42777777777777776 0.0265625 0.08611111111111111
0 0.947265625 0.38263888888888886 0.03515625 0.07083333333333333
0 0.97890625 0.32569444444444445 0.03125 0.059722222222222225
0 0.05703125 0.50625 0.025 0.09583333333333334
0 0.0890625 0.8916666666666667 0.0421875 0.12222222222222222