5 0.592578125 0.28125 0.00703125 0.006944444444444444
1 0.43203125 0.23055555555555557 0.0171875 0.05555555555555555
3 0.3453125 0.25763888888888886 0.00625 0.009722222222222222
7 0.426171875 0.2013888888888889 0.12421875 0.11388888888888889
2 0.56640625 0.39375 0.0203125 0.0875
3 0.146875 0.675 0.009375 0.019444444444444445
0 0.2921875 0.47638888888888886 0.021875 0.09444444444444444
0 0.40078125 0.6173611111111111 0.0484375 0.10416666666666667
0 0.433984375 0.37916666666666665 0.01640625 0.075
0 0.47265625 0.4131944444444444 0.01875 0.08472222222222223
0 0.549609375 0.3527777777777778 0.01953125 0.07777777777777778
0 0.63203125 0.3861111111111111 0.0203125 0.08055555555555556
0 0.56328125 0.27847222222222223 0.0140625 0.0625
0 0.61640625 0.28541666666666665 0.009375 0.06527777777777778
0 0.625 0.2701388888888889 0.009375 0.059722222222222225
0 0.6078125 0.2763888888888889 0.0171875 0.06388888888888888
0 0.614453125 0.25833333333333336 0.01328125 0.058333333333333334
0 0.658984375 0.2569444444444444 0.01796875 0.06944444444444445
0 0.6796875 0.26180555555555557 0.0140625 0.06527777777777778
0 0.69375 0.24722222222222223 0.0109375 0.06666666666666667
0 0.725 0.26458333333333334 0.0140625 0.0763888888888889
0 0.72734375 0.2798611111111111 0.0171875 0.06805555555555555
0 0.774609375 0.3298611111111111 0.01328125 0.0763888888888889
0 0.8046875 0.32083333333333336 0.0140625 0.075
0 0.90078125 0.3875 0.015625 0.08055555555555556
6 0.772265625 0.11527777777777778 0.01796875 0.044444444444444446