5 0.083984375 0.3506944444444444 0.00859375 0.006944444444444444
6 0.291796875 0.14583333333333334 0.01796875 0.05
0 0.128515625 0.4895833333333333 0.01796875 0.09583333333333334
0 0.228515625 0.4305555555555556 0.02578125 0.09722222222222222
0 0.294921875 0.3770833333333333 0.01328125 0.09583333333333334
0 0.38671875 0.3548611111111111 0.015625 0.0875
0 0.444140625 0.3638888888888889 0.02734375 0.09166666666666666
0 0.468359375 0.37430555555555556 0.02578125 0.08472222222222223
0 0.45703125 0.28541666666666665 0.0140625 0.07361111111111111
0 0.466796875 0.2791666666666667 0.01171875 0.06944444444444445
0 0.612890625 0.32569444444444445 0.01796875 0.07916666666666666
0 0.653125 0.40555555555555556 0.028125 0.09722222222222222
0 0.6609375 0.39166666666666666 0.0203125 0.09444444444444444
0 0.714453125 0.4326388888888889 0.03359375 0.09583333333333334
2 0.733203125 0.4 0.01640625 0.09166666666666666
3 0.77421875 0.4527777777777778 0.0078125 0.019444444444444445
0 0.720703125 0.36319444444444443 0.01640625 0.08194444444444444
0 0.7890625 0.41388888888888886 0.01875 0.09166666666666666
0 0.6359375 0.7013888888888888 0.0265625 0.11666666666666667
0 0.501171875 0.4361111111111111 0.01953125 0.08888888888888889
0 0.47890625 0.4895833333333333 0.025 0.09305555555555556
0 0.422265625 0.5777777777777777 0.03203125 0.11666666666666667