5 0.584375 0.8493055555555555 0.015625 0.020833333333333332
2 0.809765625 0.45208333333333334 0.02890625 0.10972222222222222
1 0.564453125 0.9673611111111111 0.04765625 0.06527777777777778
1 0.572265625 0.20277777777777778 0.01171875 0.05555555555555555
7 0.55625 0.1597222222222222 0.1203125 0.07222222222222222
0 0.5203125 0.3263888888888889 0.0234375 0.09444444444444444
0 0.550390625 0.3347222222222222 0.02109375 0.10555555555555556
0 0.664453125 0.3326388888888889 0.01796875 0.09305555555555556
0 0.8609375 0.5180555555555556 0.0265625 0.12222222222222222
0 0.8796875 0.5902777777777778 0.0546875 0.14722222222222223
0 0.76171875 0.5923611111111111 0.053125 0.15138888888888888
0 0.659765625 0.5916666666666667 0.04140625 0.13055555555555556
0 0.6875 0.55625 0.0421875 0.12638888888888888
0 0.65390625 0.5194444444444445 0.0375 0.1361111111111111
0 0.6375 0.5465277777777777 0.0421875 0.14305555555555555
0 0.583984375 0.5097222222222222 0.04296875 0.1
0 0.56171875 0.49930555555555556 0.040625 0.10972222222222222
3 0.41953125 0.5166666666666667 0.0078125 0.013888888888888888
0 0.415234375 0.4909722222222222 0.03203125 0.09583333333333334
0 0.384765625 0.5652777777777778 0.03671875 0.13055555555555556
0 0.11015625 0.60625 0.053125 0.13194444444444445
0 0.18359375 0.44166666666666665 0.040625 0.1