5 0.454296875 0.39166666666666666 0.00859375 0.008333333333333333
3 0.60078125 0.3104166666666667 0.00625 0.0125
1 0.697265625 0.3472222222222222 0.02421875 0.06111111111111111
7 0.655078125 0.2923611111111111 0.14921875 0.13194444444444445
0 0.812109375 0.6833333333333333 0.05234375 0.12222222222222222
0 0.587890625 0.4583333333333333 0.01484375 0.09166666666666666
0 0.5328125 0.3625 0.015625 0.075
0 0.53515625 0.3263888888888889 0.0140625 0.058333333333333334
0 0.5015625 0.4618055555555556 0.021875 0.08472222222222223
0 0.4609375 0.5319444444444444 0.028125 0.1
0 0.333203125 0.5493055555555556 0.03359375 0.08194444444444444
0 0.416015625 0.40694444444444444 0.02578125 0.08611111111111111
0 0.38671875 0.3527777777777778 0.015625 0.06944444444444445
0 0.3890625 0.3277777777777778 0.0203125 0.06944444444444445
6 0.240625 0.19930555555555557 0.0203125 0.04583333333333333
0 0.25390625 0.33125 0.0203125 0.0763888888888889
0 0.338671875 0.42430555555555555 0.01484375 0.07916666666666666
0 0.2484375 0.5173611111111112 0.0265625 0.11527777777777778
2 0.18125 0.46944444444444444 0.0265625 0.10277777777777777
0 0.204296875 0.49930555555555556 0.01953125 0.09305555555555556
0 0.186328125 0.4 0.02421875 0.08888888888888889
0 0.13125 0.3333333333333333 0.0140625 0.08055555555555556
0 0.08046875 0.33958333333333335 0.0234375 0.08194444444444444