3 0.888671875 0.5368055555555555 0.01015625 0.018055555555555554
5 0.05546875 0.38263888888888886 0.0078125 0.006944444444444444
6 0.236328125 0.20555555555555555 0.01796875 0.04722222222222222
2 0.300390625 0.5180555555555556 0.02734375 0.09722222222222222
0 0.03125 0.5520833333333334 0.0375 0.10972222222222222
0 0.0765625 0.5 0.0171875 0.09444444444444444
0 0.194140625 0.4201388888888889 0.01796875 0.07916666666666666
0 0.244921875 0.44166666666666665 0.02265625 0.07777777777777778
0 0.233203125 0.5020833333333333 0.02421875 0.09027777777777778
0 0.234765625 0.5979166666666667 0.02734375 0.10416666666666667
0 0.16015625 0.73125 0.0359375 0.14305555555555555
0 0.041796875 0.6520833333333333 0.04140625 0.12361111111111112
0 0.38984375 0.3388888888888889 0.0203125 0.06666666666666667
0 0.40234375 0.4777777777777778 0.0203125 0.08333333333333333
0 0.471484375 0.4861111111111111 0.01953125 0.09444444444444444
0 0.459375 0.5861111111111111 0.0234375 0.10277777777777777
0 0.491796875 0.5590277777777778 0.02734375 0.09305555555555556
0 0.551953125 0.41805555555555557 0.02109375 0.08055555555555556
0 0.702734375 0.28402777777777777 0.01640625 0.059722222222222225
0 0.905859375 0.5097222222222222 0.01640625 0.10277777777777777
0 0.921875 0.8430555555555556 0.03125 0.1527777777777778