3 0.475390625 0.45625 0.01015625 0.015277777777777777
0 0.693359375 0.6041666666666666 0.04140625 0.11388888888888889
0 0.5765625 0.7298611111111111 0.0546875 0.1486111111111111
0 0.59375 0.9395833333333333 0.04375 0.12083333333333333
0 0.135546875 0.9423611111111111 0.03984375 0.11527777777777778
0 0.238671875 0.5548611111111111 0.03671875 0.10694444444444444
0 0.232421875 0.45069444444444445 0.03828125 0.09305555555555556
0 0.492578125 0.4270833333333333 0.01640625 0.09583333333333334
0 0.48984375 0.3819444444444444 0.021875 0.075
0 0.45078125 0.29444444444444445 0.0265625 0.08333333333333333
0 0.1 0.54375 0.0421875 0.09583333333333334
0 0.0859375 0.4847222222222222 0.0359375 0.09722222222222222
2 0.018359375 0.5368055555555555 0.03671875 0.11527777777777778
6 0.94453125 0.08472222222222223 0.0140625 0.05