5 0.587109375 0.2375 0.00546875 0.008333333333333333
1 0.432421875 0.19236111111111112 0.01328125 0.06527777777777778
7 0.394921875 0.15138888888888888 0.14140625 0.12777777777777777
2 0.545703125 0.48819444444444443 0.03671875 0.12083333333333333
0 0.60390625 0.49444444444444446 0.034375 0.125
0 0.5734375 0.32013888888888886 0.0171875 0.09861111111111111
0 0.740625 0.31875 0.0203125 0.10694444444444444
0 0.7890625 0.24791666666666667 0.0140625 0.07916666666666666
6 0.78046875 0.05416666666666667 0.0171875 0.05277777777777778
0 0.797265625 0.6430555555555556 0.03359375 0.1388888888888889
0 0.855859375 0.9368055555555556 0.07890625 0.12638888888888888
0 0.56484375 0.6361111111111111 0.04375 0.14722222222222223
0 0.331640625 0.6444444444444445 0.03203125 0.1361111111111111
0 0.259375 0.9236111111111112 0.0546875 0.1527777777777778
0 0.3265625 0.9472222222222222 0.0359375 0.10555555555555556
3 0.27734375 0.9034722222222222 0.0171875 0.03194444444444444
0 0.0734375 0.6118055555555556 0.040625 0.12638888888888888
0 0.290625 0.44305555555555554 0.03125 0.10555555555555556