3 0.2890625 0.3541666666666667 0.0109375 0.019444444444444445
1 0.49296875 0.2923611111111111 0.025 0.09305555555555556
5 0.65234375 0.3645833333333333 0.009375 0.009722222222222222
7 0.38671875 0.2465277777777778 0.2 0.1763888888888889
6 0.935546875 0.1111111111111111 0.03046875 0.075
0 0.8046875 0.2673611111111111 0.021875 0.08472222222222223
0 0.1921875 0.45208333333333334 0.0328125 0.10138888888888889
0 0.225 0.4013888888888889 0.0296875 0.10555555555555556
0 0.426953125 0.6604166666666667 0.03671875 0.15138888888888888
0 0.8234375 0.4361111111111111 0.0375 0.10833333333333334
0 0.8265625 0.39444444444444443 0.0296875 0.11944444444444445