3 0.390625 0.8736111111111111 0.0203125 0.019444444444444445
1 0.42265625 0.40208333333333335 0.034375 0.10138888888888889
2 0.396875 0.6534722222222222 0.0359375 0.1375
5 0.628515625 0.4847222222222222 0.01328125 0.011111111111111112
6 0.917578125 0.22430555555555556 0.02578125 0.07361111111111111
7 0.351171875 0.3541666666666667 0.21171875 0.18333333333333332
0 0.86015625 0.36875 0.0296875 0.10694444444444444
0 0.7890625 0.4173611111111111 0.025 0.09305555555555556
0 0.769140625 0.45625 0.03203125 0.10138888888888889
0 0.79375 0.49722222222222223 0.0375 0.10277777777777777
0 0.7875 0.5381944444444444 0.0375 0.11527777777777778
0 0.611328125 0.4875 0.04296875 0.09166666666666666
0 0.717578125 0.44027777777777777 0.03046875 0.1
0 0.680859375 0.6611111111111111 0.03828125 0.14722222222222223
0 0.617578125 0.6027777777777777 0.03984375 0.13055555555555556
0 0.450390625 0.6520833333333333 0.04765625 0.11805555555555555
0 0.503515625 0.7402777777777778 0.06640625 0.13333333333333333
0 0.441015625 0.8194444444444444 0.05546875 0.14166666666666666
0 0.047265625 0.7569444444444444 0.02890625 0.16111111111111112
0 0.184765625 0.6972222222222222 0.04140625 0.13333333333333333