3 0.112890625 0.6875 0.01171875 0.013888888888888888
2 0.663671875 0.6958333333333333 0.02890625 0.15
0 0.12890625 0.6319444444444444 0.0390625 0.09722222222222222
0 0.17421875 0.6229166666666667 0.04375 0.10416666666666667
0 0.244140625 0.5833333333333334 0.03359375 0.10277777777777777
0 0.3046875 0.6777777777777778 0.034375 0.13055555555555556
0 0.2734375 0.9131944444444444 0.0515625 0.16805555555555557
0 0.46484375 0.7097222222222223 0.0421875 0.1361111111111111
0 0.5609375 0.58125 0.021875 0.12916666666666668
1 0.8015625 0.45555555555555555 0.028125 0.1111111111111111
7 0.81171875 0.3972222222222222 0.2296875 0.16944444444444445
0 0.9828125 0.46041666666666664 0.034375 0.08472222222222223
0 0.965234375 0.5083333333333333 0.02734375 0.11388888888888889
0 0.99375 0.5263888888888889 0.0125 0.10555555555555556
0 0.846484375 0.5847222222222223 0.03828125 0.13333333333333333