6 0.219140625 0.28541666666666665 0.02109375 0.059722222222222225
3 0.756640625 0.37916666666666665 0.00703125 0.013888888888888888
0 0.77109375 0.3590277777777778 0.0265625 0.07083333333333333
2 0.393359375 0.58125 0.02421875 0.10416666666666667
0 0.403125 0.5104166666666666 0.021875 0.10694444444444444
0 0.412890625 0.3958333333333333 0.01953125 0.06944444444444445
0 0.448046875 0.44513888888888886 0.01640625 0.06527777777777778
0 0.458203125 0.4388888888888889 0.02421875 0.075
0 0.50703125 0.41458333333333336 0.0171875 0.08472222222222223
0 0.66171875 0.4152777777777778 0.0203125 0.07222222222222222
0 0.719140625 0.5291666666666667 0.02421875 0.09166666666666666
0 0.7765625 0.5465277777777777 0.021875 0.09583333333333334
0 0.29921875 0.44375 0.025 0.0875
0 0.3015625 0.61875 0.028125 0.10694444444444444
0 0.271875 0.7652777777777777 0.0265625 0.1388888888888889
0 0.2234375 0.6368055555555555 0.0265625 0.12361111111111112
0 0.130078125 0.5451388888888888 0.02265625 0.09305555555555556
0 0.104296875 0.5888888888888889 0.02578125 0.11944444444444445
0 0.01484375 0.625 0.0296875 0.1111111111111111