3 0.391015625 0.37916666666666665 0.00546875 0.011111111111111112
0 0.40234375 0.34444444444444444 0.0203125 0.06111111111111111
6 0.3859375 0.25763888888888886 0.0171875 0.06805555555555555
1 0.091015625 0.41597222222222224 0.01484375 0.09305555555555556
0 0.354296875 0.5402777777777777 0.03515625 0.1111111111111111
0 0.530859375 0.3888888888888889 0.03203125 0.07222222222222222
0 0.66953125 0.2965277777777778 0.0203125 0.06805555555555555
0 0.7390625 0.3388888888888889 0.0265625 0.08055555555555556
0 0.63359375 0.44583333333333336 0.0234375 0.10555555555555556
0 0.810546875 0.6534722222222222 0.05078125 0.13194444444444445
0 0.94375 0.5951388888888889 0.0421875 0.12916666666666668
0 0.587890625 0.8791666666666667 0.04609375 0.16944444444444445