5 0.814453125 0.43819444444444444 0.00859375 0.006944444444444444
3 0.30078125 0.2916666666666667 0.00625 0.011111111111111112
6 0.58671875 0.19305555555555556 0.0171875 0.044444444444444446
0 0.2734375 0.2611111111111111 0.01875 0.06666666666666667
0 0.26796875 0.36666666666666664 0.0265625 0.06944444444444445
0 0.38359375 0.2881944444444444 0.0203125 0.06527777777777778
0 0.370703125 0.35555555555555557 0.03203125 0.06666666666666667
0 0.353125 0.4847222222222222 0.0375 0.08611111111111111
0 0.50546875 0.36180555555555555 0.0203125 0.07916666666666666
0 0.49453125 0.5236111111111111 0.0234375 0.10833333333333334
0 0.55625 0.5270833333333333 0.0234375 0.09583333333333334
0 0.642578125 0.6763888888888889 0.05234375 0.11666666666666667
0 0.70234375 0.46875 0.0421875 0.0625
0 0.6921875 0.45555555555555555 0.0328125 0.07222222222222222
1 0.93203125 0.3472222222222222 0.025 0.08333333333333333
7 0.9875 0.3090277777777778 0.025 0.1375
0 0.103125 0.38958333333333334 0.0234375 0.07916666666666666
2 0.152734375 0.42430555555555555 0.03671875 0.07916666666666666
0 0.109375 0.7277777777777777 0.0578125 0.11944444444444445