5 0.51328125 0.22916666666666666 0.00625 0.008333333333333333
1 0.427734375 0.20347222222222222 0.01640625 0.05694444444444444
3 0.191015625 0.7597222222222222 0.00703125 0.013888888888888888
7 0.37421875 0.15416666666666667 0.1046875 0.10555555555555556
6 0.6625 0.0763888888888889 0.0171875 0.044444444444444446
2 0.733203125 0.5513888888888889 0.02734375 0.1
0 0.925 0.5243055555555556 0.0328125 0.08472222222222223
0 0.773046875 0.48333333333333334 0.02265625 0.08888888888888889
0 0.8203125 0.29097222222222224 0.0171875 0.07083333333333333
0 0.789453125 0.275 0.00859375 0.06388888888888888
0 0.530859375 0.3111111111111111 0.01796875 0.07222222222222222
0 0.642578125 0.5694444444444444 0.03046875 0.08888888888888889
0 0.537890625 0.5777777777777777 0.02734375 0.09444444444444444
0 0.391796875 0.7638888888888888 0.03984375 0.1111111111111111
0 0.3 0.6097222222222223 0.0359375 0.08888888888888889
0 0.23671875 0.5354166666666667 0.0296875 0.07916666666666666
0 0.3546875 0.4444444444444444 0.0125 0.08333333333333333
0 0.42578125 0.4708333333333333 0.0296875 0.08055555555555556
0 0.351171875 0.42569444444444443 0.02109375 0.07361111111111111
0 0.183984375 0.7680555555555556 0.03359375 0.08611111111111111
0 0.652734375 0.9201388888888888 0.04140625 0.13472222222222222