3 0.805859375 0.5069444444444444 0.00546875 0.013888888888888888
5 0.632421875 0.4548611111111111 0.00546875 0.006944444444444444
6 0.476953125 0.28888888888888886 0.01171875 0.03333333333333333
7 0.789453125 0.38125 0.11796875 0.10694444444444444
1 0.84609375 0.4756944444444444 0.0171875 0.0625
0 0.803125 0.5805555555555556 0.0203125 0.08055555555555556
0 0.487109375 0.5243055555555556 0.02734375 0.07916666666666666
0 0.466015625 0.5305555555555556 0.01953125 0.07777777777777778
0 0.472265625 0.6513888888888889 0.02421875 0.08888888888888889
0 0.45078125 0.6944444444444444 0.025 0.08888888888888889
0 0.276953125 0.5111111111111111 0.01484375 0.06666666666666667
0 0.278125 0.4548611111111111 0.015625 0.059722222222222225
0 0.17265625 0.3576388888888889 0.0125 0.05138888888888889
2 0.13203125 0.6319444444444444 0.028125 0.08611111111111111
0 0.087109375 0.4888888888888889 0.02265625 0.06666666666666667
0 0.00546875 0.4111111111111111 0.0109375 0.06111111111111111