5 0.463671875 0.48055555555555557 0.01171875 0.013888888888888888
1 0.66953125 0.35138888888888886 0.0390625 0.11666666666666667
0 0.51484375 0.3055555555555556 0.0375 0.10833333333333334
0 0.517578125 0.39652777777777776 0.03515625 0.09305555555555556
0 0.433203125 0.3548611111111111 0.04609375 0.1125
0 0.2703125 0.3138888888888889 0.0328125 0.14722222222222223
0 0.177734375 0.33819444444444446 0.02421875 0.11805555555555555
0 0.21484375 0.4576388888888889 0.0375 0.11805555555555555
0 0.143359375 0.3645833333333333 0.03046875 0.11805555555555555
0 0.065625 0.675 0.0640625 0.1527777777777778
0 0.016796875 0.2569444444444444 0.02265625 0.10277777777777777
6 0.109375 0.11944444444444445 0.0328125 0.07222222222222222
0 0.91171875 0.5034722222222222 0.0390625 0.1375
7 0.80078125 0.30277777777777776 0.2625 0.24166666666666667