2 0.419140625 0.5645833333333333 0.05078125 0.14583333333333334
0 0.26171875 0.7041666666666667 0.0484375 0.15
0 0.075390625 0.40208333333333335 0.03515625 0.11527777777777778
0 0.215234375 0.34930555555555554 0.01796875 0.10416666666666667
0 0.276171875 0.32916666666666666 0.03828125 0.08888888888888889
0 0.4078125 0.29444444444444445 0.0328125 0.08055555555555556
0 0.50390625 0.4708333333333333 0.028125 0.1111111111111111
0 0.546484375 0.3902777777777778 0.02265625 0.10555555555555556
0 0.61796875 0.3145833333333333 0.0171875 0.10694444444444444
0 0.715625 0.41180555555555554 0.0375 0.10416666666666667
0 0.874609375 0.43680555555555556 0.02734375 0.12361111111111112
0 0.974609375 0.3770833333333333 0.04765625 0.10972222222222222
0 0.853125 0.6895833333333333 0.0359375 0.15138888888888888
0 0.92265625 0.8048611111111111 0.0484375 0.16805555555555557
3 0.825390625 0.27152777777777776 0.00546875 0.0125