1 0.778125 0.36180555555555555 0.01875 0.07916666666666666
7 0.8234375 0.33611111111111114 0.146875 0.12222222222222222
6 0.436328125 0.2798611111111111 0.01796875 0.05138888888888889
2 0.204296875 0.4625 0.03203125 0.08888888888888889
0 0.26875 0.40555555555555556 0.021875 0.075
0 0.313671875 0.3576388888888889 0.02890625 0.0763888888888889
0 0.3796875 0.3597222222222222 0.0125 0.06111111111111111
0 0.378515625 0.4013888888888889 0.02421875 0.08333333333333333
0 0.3078125 0.6458333333333334 0.040625 0.1388888888888889
0 0.505859375 0.4965277777777778 0.02890625 0.07916666666666666
0 0.563671875 0.5694444444444444 0.02421875 0.09722222222222222
3 0.56796875 0.5965277777777778 0.0046875 0.015277777777777777
0 0.5796875 0.5763888888888888 0.0375 0.09444444444444444
0 0.58671875 0.49722222222222223 0.0203125 0.10833333333333334
0 0.622265625 0.4395833333333333 0.02421875 0.08472222222222223
0 0.49921875 0.39375 0.01875 0.0763888888888889
0 0.47421875 0.39652777777777776 0.025 0.08194444444444444
0 0.746875 0.5034722222222222 0.0296875 0.10416666666666667
0 0.8453125 0.5840277777777778 0.025 0.12361111111111112
0 0.903515625 0.6541666666666667 0.05078125 0.15
0 0.601171875 0.8319444444444445 0.03828125 0.16666666666666666