5 0.782421875 0.5569444444444445 0.01015625 0.008333333333333333
3 0.67265625 0.425 0.0046875 0.011111111111111112
1 0.713671875 0.39166666666666666 0.01953125 0.07777777777777778
2 0.266015625 0.5041666666666667 0.02734375 0.10833333333333334
6 0.5 0.35833333333333334 0.01875 0.07222222222222222
0 0.00859375 0.44513888888888886 0.0171875 0.09305555555555556
0 0.0921875 0.4965277777777778 0.0375 0.11805555555555555
0 0.1703125 0.4895833333333333 0.028125 0.12083333333333333
0 0.358203125 0.5180555555555556 0.02890625 0.10555555555555556
0 0.394921875 0.5340277777777778 0.02890625 0.043055555555555555
0 0.4484375 0.46597222222222223 0.034375 0.10694444444444444
0 0.535546875 0.40902777777777777 0.02109375 0.0763888888888889
0 0.63125 0.6972222222222222 0.034375 0.15555555555555556
0 0.6421875 0.5833333333333334 0.03125 0.1361111111111111
0 0.7484375 0.6888888888888889 0.0328125 0.1527777777777778
0 0.680859375 0.47847222222222224 0.02421875 0.09861111111111111
0 0.708984375 0.4861111111111111 0.02421875 0.1111111111111111
0 0.328125 0.8784722222222222 0.04375 0.18472222222222223
7 0.990625 0.4201388888888889 0.01875 0.1375