3 0.398046875 0.5493055555555556 0.00859375 0.015277777777777777
5 0.395703125 0.5576388888888889 0.01015625 0.006944444444444444
1 0.735546875 0.44930555555555557 0.03046875 0.09861111111111111
7 0.752734375 0.41041666666666665 0.26328125 0.22361111111111112
0 0.544921875 0.64375 0.03203125 0.14583333333333334
0 0.47265625 0.6791666666666667 0.040625 0.16666666666666666
0 0.428515625 0.5986111111111111 0.03515625 0.15
0 0.36640625 0.5944444444444444 0.028125 0.16944444444444445
0 0.30234375 0.5986111111111111 0.03125 0.1388888888888889
0 0.277734375 0.6229166666666667 0.03515625 0.16527777777777777
0 0.2046875 0.5111111111111111 0.0484375 0.11388888888888889
0 0.103515625 0.5645833333333333 0.03984375 0.1375
0 0.02734375 0.5701388888888889 0.0546875 0.1486111111111111
0 0.01171875 0.48333333333333334 0.0234375 0.10277777777777777
0 0.0109375 0.46944444444444444 0.021875 0.14166666666666666
0 0.15078125 0.32430555555555557 0.0171875 0.09583333333333334
6 0.030859375 0.31527777777777777 0.02890625 0.1