5 0.23203125 0.4597222222222222 0.0109375 0.011111111111111112
2 0.30625 0.5138888888888888 0.0265625 0.10833333333333334
3 0.646875 0.49444444444444446 0.0078125 0.013888888888888888
1 0.505859375 0.38263888888888886 0.02421875 0.09305555555555556
7 0.484375 0.35555555555555557 0.1765625 0.14444444444444443
0 0.625390625 0.45208333333333334 0.02109375 0.10138888888888889
0 0.77734375 0.4756944444444444 0.0453125 0.08194444444444444
0 0.844921875 0.4951388888888889 0.03046875 0.11805555555555555
0 0.85859375 0.5597222222222222 0.021875 0.12222222222222222
0 0.730078125 0.5548611111111111 0.02734375 0.12916666666666668
0 0.5171875 0.6409722222222223 0.025 0.12083333333333333
0 0.48125 0.5069444444444444 0.040625 0.1111111111111111
0 0.4171875 0.475 0.0234375 0.10833333333333334
0 0.4125 0.7118055555555556 0.046875 0.16527777777777777
0 0.370703125 0.3993055555555556 0.03515625 0.09861111111111111
0 0.2890625 0.42986111111111114 0.01875 0.09583333333333334
0 0.290234375 0.40347222222222223 0.02109375 0.0875
0 0.245703125 0.3875 0.01796875 0.08611111111111111
0 0.23515625 0.37916666666666665 0.0234375 0.07777777777777778
0 0.216796875 0.3958333333333333 0.01796875 0.08888888888888889