5 0.852734375 0.5423611111111111 0.00859375 0.006944444444444444
3 0.823828125 0.4652777777777778 0.00546875 0.011111111111111112
1 0.82265625 0.44305555555555554 0.0203125 0.06944444444444445
0 0.750390625 0.43680555555555556 0.02109375 0.0763888888888889
6 0.632421875 0.3861111111111111 0.01796875 0.058333333333333334
0 0.578515625 0.4340277777777778 0.02421875 0.07083333333333333
0 0.58828125 0.5604166666666667 0.025 0.10416666666666667
0 0.634375 0.6715277777777777 0.0265625 0.11805555555555555
0 0.55234375 0.5722222222222222 0.025 0.1
0 0.555078125 0.4875 0.01640625 0.07222222222222222
0 0.544140625 0.50625 0.01953125 0.06527777777777778
0 0.48203125 0.5555555555555556 0.015625 0.09444444444444444
0 0.4546875 0.5166666666666667 0.0140625 0.08055555555555556
0 0.433203125 0.5076388888888889 0.01953125 0.08194444444444444
0 0.278125 0.5388888888888889 0.0203125 0.09166666666666666
0 0.25546875 0.47430555555555554 0.01875 0.08194444444444444
0 0.346875 0.43194444444444446 0.0125 0.06388888888888888
0 0.1609375 0.44722222222222224 0.0234375 0.06666666666666667
0 0.06015625 0.4895833333333333 0.01875 0.08472222222222223
0 0.05546875 0.5875 0.021875 0.10277777777777777
0 0.0484375 0.7465277777777778 0.0296875 0.15416666666666667