3 0.774609375 0.4965277777777778 0.01328125 0.018055555555555554
1 0.4890625 0.5409722222222222 0.0328125 0.12638888888888888
0 0.796484375 0.4576388888888889 0.01484375 0.10972222222222222
0 0.8125 0.5826388888888889 0.0265625 0.14583333333333334
0 0.715234375 0.6013888888888889 0.04453125 0.1638888888888889
0 0.64140625 0.5347222222222222 0.025 0.11944444444444445
0 0.65078125 0.4583333333333333 0.025 0.12777777777777777
0 0.5703125 0.5326388888888889 0.0203125 0.1125
0 0.5546875 0.5104166666666666 0.0234375 0.1125
0 0.43203125 0.44722222222222224 0.0125 0.11666666666666667
0 0.415234375 0.4930555555555556 0.02578125 0.11666666666666667
0 0.37734375 0.5027777777777778 0.028125 0.1111111111111111
0 0.359765625 0.4486111111111111 0.01640625 0.11944444444444445
0 0.20859375 0.4861111111111111 0.03125 0.12777777777777777