3 0.7484375 0.49027777777777776 0.009375 0.016666666666666666
2 0.544921875 0.5291666666666667 0.02421875 0.1361111111111111
0 0.5796875 0.5743055555555555 0.0234375 0.1375
0 0.58515625 0.48541666666666666 0.0421875 0.09027777777777778
0 0.65390625 0.5402777777777777 0.0265625 0.13333333333333333
0 0.694921875 0.45902777777777776 0.03203125 0.11805555555555555
0 0.74921875 0.46111111111111114 0.0296875 0.08333333333333333
0 0.757421875 0.58125 0.03984375 0.15416666666666667
0 0.880078125 0.5597222222222222 0.02734375 0.15555555555555556
0 0.503125 0.4444444444444444 0.0265625 0.1111111111111111
0 0.3921875 0.4465277777777778 0.0234375 0.10972222222222222
0 0.38046875 0.4888888888888889 0.021875 0.11944444444444445
0 0.298828125 0.4979166666666667 0.02578125 0.1125
0 0.2203125 0.4847222222222222 0.0484375 0.13055555555555556