3 0.5734375 0.3763888888888889 0.0078125 0.011111111111111112
2 0.5203125 0.5527777777777778 0.0375 0.14444444444444443
0 0.811328125 0.48194444444444445 0.02578125 0.12777777777777777
0 0.679296875 0.4840277777777778 0.03203125 0.12638888888888888
0 0.6171875 0.5944444444444444 0.0421875 0.13333333333333333
0 0.5875 0.5701388888888889 0.0390625 0.14305555555555555
0 0.567578125 0.5340277777777778 0.02421875 0.12361111111111112
0 0.571875 0.4388888888888889 0.01875 0.125
0 0.5359375 0.4895833333333333 0.028125 0.10416666666666667
0 0.46171875 0.51875 0.0296875 0.12083333333333333
0 0.440625 0.45069444444444445 0.0296875 0.11805555555555555
0 0.233203125 0.47638888888888886 0.02421875 0.08611111111111111
0 0.201171875 0.47430555555555554 0.04921875 0.09861111111111111