5 0.583203125 0.5006944444444444 0.00859375 0.009722222222222222
3 0.40859375 0.6625 0.0109375 0.019444444444444445
2 0.231640625 0.46944444444444444 0.03984375 0.11388888888888889
1 0.8328125 0.4201388888888889 0.0390625 0.12916666666666668
7 0.8953125 0.3763888888888889 0.209375 0.19722222222222222
0 0.916796875 0.6729166666666667 0.05859375 0.16527777777777777
0 0.9453125 0.5104166666666666 0.034375 0.10972222222222222
0 0.898828125 0.5048611111111111 0.02578125 0.13194444444444445
0 0.842578125 0.5888888888888889 0.03515625 0.1388888888888889
0 0.6953125 0.47708333333333336 0.0390625 0.12361111111111112
0 0.606640625 0.5368055555555555 0.02421875 0.12916666666666668
0 0.615234375 0.45208333333333334 0.02265625 0.1125
0 0.565625 0.4076388888888889 0.0328125 0.12083333333333333
0 0.49765625 0.44166666666666665 0.0328125 0.1111111111111111
0 0.465234375 0.4222222222222222 0.04453125 0.10555555555555556
0 0.444921875 0.5159722222222223 0.04765625 0.1125
0 0.415234375 0.5416666666666666 0.02421875 0.10555555555555556
0 0.4453125 0.6326388888888889 0.0625 0.15138888888888888
0 0.361328125 0.70625 0.05078125 0.15138888888888888
0 0.344140625 0.475 0.04921875 0.11944444444444445
0 0.208984375 0.36875 0.03984375 0.09583333333333334
6 0.283203125 0.2972222222222222 0.02578125 0.07222222222222222
0 0.2046875 0.5305555555555556 0.0515625 0.11944444444444445