5 0.732421875 0.38055555555555554 0.00703125 0.005555555555555556
1 0.85 0.33402777777777776 0.01875 0.07361111111111111
7 0.929296875 0.3138888888888889 0.14140625 0.11944444444444445
6 0.558203125 0.25833333333333336 0.01640625 0.04722222222222222
2 0.28125 0.4875 0.034375 0.08888888888888889
0 0.31484375 0.47847222222222224 0.021875 0.09027777777777778
0 0.33203125 0.3923611111111111 0.028125 0.08472222222222223
0 0.46484375 0.48819444444444443 0.034375 0.0875
0 0.616015625 0.6118055555555556 0.04453125 0.10416666666666667
0 0.658984375 0.5048611111111111 0.03671875 0.0763888888888889
0 0.55 0.5840277777777778 0.059375 0.09861111111111111
0 0.52578125 0.4930555555555556 0.021875 0.08055555555555556
0 0.559765625 0.40555555555555556 0.01953125 0.07777777777777778
0 0.474609375 0.36180555555555555 0.01796875 0.05694444444444444
0 0.448046875 0.3680555555555556 0.02890625 0.07222222222222222
0 0.442578125 0.34791666666666665 0.01484375 0.0625
0 0.430859375 0.34652777777777777 0.03203125 0.0625
0 0.3578125 0.7604166666666666 0.0671875 0.14027777777777778
0 0.190625 0.6381944444444444 0.0453125 0.13472222222222222
0 0.0109375 0.4361111111111111 0.021875 0.09444444444444444
0 0.12734375 0.36944444444444446 0.028125 0.075
0 0.159375 0.3076388888888889 0.015625 0.059722222222222225