6 0.241796875 0.3597222222222222 0.03359375 0.075
3 0.708203125 0.43125 0.01015625 0.015277777777777777
2 0.42421875 0.5638888888888889 0.028125 0.1527777777777778
0 0.570703125 0.6680555555555555 0.03515625 0.18333333333333332
0 0.837109375 0.6902777777777778 0.03359375 0.175
0 0.829296875 0.44583333333333336 0.02265625 0.10277777777777777
0 0.732421875 0.45625 0.01796875 0.0875
0 0.71953125 0.3972222222222222 0.0203125 0.09166666666666666
0 0.660546875 0.4083333333333333 0.03359375 0.07222222222222222
0 0.501171875 0.3888888888888889 0.01796875 0.075
0 0.486328125 0.39375 0.01796875 0.05416666666666667
0 0.475390625 0.44027777777777777 0.01953125 0.08333333333333333
0 0.48984375 0.44722222222222224 0.0203125 0.09166666666666666
0 0.17109375 0.5013888888888889 0.01875 0.12777777777777777
0 0.112109375 0.5506944444444445 0.03671875 0.12083333333333333
0 0.082421875 0.5465277777777777 0.02734375 0.12916666666666668
0 0.03671875 0.5881944444444445 0.034375 0.14583333333333334