4 0.9375 0.9131944444444444 0.053125 0.07916666666666666
4 0.1828125 0.10208333333333333 0.2234375 0.0763888888888889
4 0.041796875 0.11597222222222223 0.02421875 0.0375
6 0.594921875 0.029166666666666667 0.01640625 0.044444444444444446
5 0.745703125 0.3159722222222222 0.00859375 0.006944444444444444
1 0.896484375 0.26458333333333334 0.03046875 0.08472222222222223
7 0.948046875 0.2125 0.10390625 0.14166666666666666
3 0.4328125 0.6451388888888889 0.0078125 0.015277777777777777
2 0.588671875 0.5854166666666667 0.01796875 0.07916666666666666
0 0.69921875 0.63125 0.025 0.09305555555555556
0 0.880078125 0.8243055555555555 0.04140625 0.11527777777777778
0 0.57109375 0.25 0.0171875 0.06388888888888888
0 0.644921875 0.35347222222222224 0.02421875 0.07916666666666666
0 0.68125 0.46875 0.034375 0.08472222222222223
0 0.6296875 0.5652777777777778 0.021875 0.08333333333333333
0 0.5921875 0.6569444444444444 0.0375 0.08333333333333333
0 0.56796875 0.6736111111111112 0.028125 0.08333333333333333
0 0.53984375 0.6381944444444444 0.0328125 0.0875
0 0.4828125 0.5659722222222222 0.028125 0.0875
0 0.452734375 0.4201388888888889 0.03828125 0.0625
0 0.52265625 0.28541666666666665 0.0265625 0.06805555555555555
0 0.0859375 0.7958333333333333 0.046875 0.10833333333333334