4 0.935546875 0.9194444444444444 0.05390625 0.075
6 0.862109375 0.30833333333333335 0.02734375 0.07222222222222222
4 0.18359375 0.11875 0.2234375 0.04861111111111111
4 0.04140625 0.11458333333333333 0.021875 0.034722222222222224
3 0.369140625 0.40208333333333335 0.00703125 0.0125
2 0.50625 0.4361111111111111 0.0203125 0.08055555555555556
0 0.421875 0.38125 0.025 0.05694444444444444
0 0.4375 0.3715277777777778 0.028125 0.015277777777777777
0 0.457421875 0.34652777777777777 0.01171875 0.06805555555555555
0 0.46796875 0.3527777777777778 0.015625 0.06944444444444445
0 0.573828125 0.4027777777777778 0.01796875 0.08333333333333333
0 0.584375 0.4166666666666667 0.0171875 0.08333333333333333
0 0.6046875 0.4861111111111111 0.0234375 0.075
0 0.694140625 0.6236111111111111 0.02890625 0.1
0 0.375 0.6645833333333333 0.0234375 0.10972222222222222
0 0.33984375 0.5236111111111111 0.025 0.1
0 0.324609375 0.42569444444444443 0.03515625 0.07361111111111111
0 0.230859375 0.5402777777777777 0.03984375 0.09444444444444444
0 0.280078125 0.8243055555555555 0.04765625 0.12361111111111112
0 0.216796875 0.42986111111111114 0.02734375 0.06527777777777778
0 0.20234375 0.4027777777777778 0.0203125 0.08333333333333333