4 0.938671875 0.9145833333333333 0.05546875 0.07083333333333333
4 0.183203125 0.10138888888888889 0.22421875 0.07222222222222222
4 0.040625 0.11597222222222223 0.025 0.0375
5 0.456640625 0.39861111111111114 0.00546875 0.005555555555555556
1 0.325 0.3368055555555556 0.0140625 0.07361111111111111
7 0.261328125 0.30277777777777776 0.13359375 0.14722222222222223
6 0.609765625 0.13125 0.02265625 0.05138888888888889
3 0.458984375 0.8048611111111111 0.00546875 0.015277777777777777
2 0.469921875 0.7930555555555555 0.02890625 0.09444444444444444
0 0.473046875 0.7986111111111112 0.02734375 0.09444444444444444
0 0.405859375 0.7618055555555555 0.03203125 0.08194444444444444
0 0.43125 0.6430555555555556 0.0265625 0.09444444444444444
0 0.468359375 0.6277777777777778 0.01796875 0.09166666666666666
0 0.432421875 0.5 0.01953125 0.07777777777777778
0 0.832421875 0.71875 0.01796875 0.09583333333333334
0 0.762109375 0.4826388888888889 0.02578125 0.0875
0 0.6546875 0.4465277777777778 0.0203125 0.08472222222222223
0 0.649609375 0.36666666666666664 0.01640625 0.06388888888888888
0 0.665234375 0.3506944444444444 0.01484375 0.0625
0 0.653515625 0.33055555555555555 0.01484375 0.075
0 0.58203125 0.3784722222222222 0.0171875 0.06805555555555555
0 0.580078125 0.3458333333333333 0.01484375 0.07222222222222222
0 0.565234375 0.3451388888888889 0.01796875 0.07083333333333333
0 0.548046875 0.36875 0.01640625 0.06527777777777778
0 0.534375 0.3784722222222222 0.0109375 0.0625
0 0.519921875 0.39305555555555555 0.01796875 0.06666666666666667
0 0.51328125 0.36319444444444443 0.0125 0.05694444444444444
0 0.49765625 0.4152777777777778 0.0140625 0.08055555555555556
0 0.480078125 0.40347222222222223 0.01953125 0.08194444444444444