4 0.936328125 0.9180555555555555 0.06015625 0.08055555555555556
4 0.182421875 0.11805555555555555 0.22421875 0.04722222222222222
4 0.04140625 0.11666666666666667 0.0234375 0.03611111111111111
6 0.6328125 0.18333333333333332 0.01875 0.04722222222222222
3 0.81015625 0.4861111111111111 0.00625 0.013888888888888888
5 0.7953125 0.4840277777777778 0.0078125 0.006944444444444444
7 0.9796875 0.3576388888888889 0.040625 0.12638888888888888
1 0.82734375 0.4465277777777778 0.03125 0.0763888888888889
0 0.67734375 0.46458333333333335 0.025 0.0875
0 0.68125 0.8576388888888888 0.04375 0.09861111111111111
0 0.31015625 0.7236111111111111 0.025 0.12222222222222222
0 0.113671875 0.6527777777777778 0.02734375 0.09166666666666666
0 0.25390625 0.48541666666666666 0.028125 0.08194444444444444
0 0.358984375 0.29444444444444445 0.01484375 0.06944444444444445
0 0.340625 0.3770833333333333 0.025 0.08194444444444444
0 0.00546875 0.58125 0.0109375 0.05694444444444444