4 0.93671875 0.9145833333333333 0.053125 0.0763888888888889
4 0.040234375 0.11597222222222223 0.02265625 0.0375
4 0.1828125 0.10277777777777777 0.2265625 0.075
0 0.1546875 0.1638888888888889 0.021875 0.05
0 0.162109375 0.2 0.00859375 0.05555555555555555
0 0.07109375 0.1909722222222222 0.0140625 0.05694444444444444
2 0.179296875 0.45902777777777776 0.02109375 0.0763888888888889
0 0.316015625 0.47708333333333336 0.02109375 0.0625
0 0.434375 0.3486111111111111 0.01875 0.07222222222222222
0 0.506640625 0.30486111111111114 0.01796875 0.0625
0 0.3828125 0.2375 0.0140625 0.07222222222222222
5 0.531640625 0.23194444444444445 0.00546875 0.011111111111111112
1 0.64296875 0.18472222222222223 0.0140625 0.058333333333333334
7 0.69140625 0.14930555555555555 0.10625 0.10972222222222222
6 0.409375 0.015277777777777777 0.0140625 0.030555555555555555
3 0.770703125 0.7486111111111111 0.00859375 0.013888888888888888
0 0.772265625 0.7201388888888889 0.03515625 0.08472222222222223
0 0.762890625 0.6659722222222222 0.02734375 0.0763888888888889
0 0.709375 0.7111111111111111 0.0265625 0.07777777777777778
0 0.089453125 0.7736111111111111 0.03515625 0.09166666666666666
0 0.03828125 0.7708333333333334 0.03125 0.09166666666666666