4 0.93515625 0.9180555555555555 0.0546875 0.08611111111111111
0 0.921875 0.7118055555555556 0.021875 0.10138888888888889
0 0.903125 0.5861111111111111 0.015625 0.09444444444444444
0 0.7953125 0.66875 0.025 0.09583333333333334
0 0.8046875 0.3993055555555556 0.015625 0.07916666666666666
0 0.780859375 0.4340277777777778 0.01328125 0.08194444444444444
0 0.76796875 0.39166666666666666 0.01875 0.08333333333333333
0 0.71640625 0.3861111111111111 0.0140625 0.075
0 0.68046875 0.41458333333333336 0.01875 0.07361111111111111
2 0.567578125 0.4527777777777778 0.02265625 0.08055555555555556
0 0.5734375 0.5298611111111111 0.01875 0.08472222222222223
0 0.5546875 0.37569444444444444 0.0171875 0.07083333333333333
3 0.48671875 0.3548611111111111 0.0046875 0.009722222222222222
0 0.481640625 0.36875 0.01796875 0.0763888888888889
0 0.447265625 0.41805555555555557 0.01015625 0.06944444444444445
0 0.45390625 0.42777777777777776 0.021875 0.08055555555555556
0 0.483984375 0.5472222222222223 0.01953125 0.08055555555555556
0 0.423046875 0.7083333333333334 0.02421875 0.10833333333333334
0 0.371484375 0.8326388888888889 0.03046875 0.1125
0 0.079296875 0.6951388888888889 0.03203125 0.10138888888888889
0 0.010546875 0.46597222222222223 0.02109375 0.09027777777777778
0 0.1390625 0.45 0.0171875 0.07777777777777778
4 0.1828125 0.10347222222222222 0.2265625 0.07361111111111111
4 0.041015625 0.11736111111111111 0.02265625 0.0375