4 0.93671875 0.9152777777777777 0.05625 0.07777777777777778
4 0.18046875 0.10208333333333333 0.225 0.07361111111111111
4 0.042578125 0.11597222222222223 0.02890625 0.0375
6 0.3203125 0.18055555555555555 0.025 0.05
5 0.116015625 0.5402777777777777 0.00859375 0.011111111111111112
0 0.9421875 0.6444444444444445 0.0375 0.09444444444444444
0 0.87578125 0.3784722222222222 0.0234375 0.0875
0 0.760546875 0.4027777777777778 0.01484375 0.07222222222222222
3 0.734765625 0.32430555555555557 0.01015625 0.015277777777777777
0 0.67890625 0.35625 0.0296875 0.0763888888888889
0 0.591796875 0.40694444444444444 0.02890625 0.07777777777777778
0 0.6296875 0.4840277777777778 0.03125 0.0875
2 0.659765625 0.6291666666666667 0.03671875 0.08611111111111111
0 0.77265625 0.7097222222222223 0.0453125 0.09722222222222222
0 0.676953125 0.8534722222222222 0.05234375 0.11805555555555555
0 0.425390625 0.7652777777777777 0.03359375 0.10833333333333334
0 0.2875 0.7930555555555555 0.03125 0.10833333333333334
0 0.2140625 0.6736111111111112 0.03125 0.09722222222222222
0 0.232421875 0.5694444444444444 0.02890625 0.10277777777777777
0 0.28203125 0.49236111111111114 0.0265625 0.09583333333333334
0 0.330859375 0.5638888888888889 0.03359375 0.09444444444444444
0 0.457421875 0.4041666666666667 0.02265625 0.1
0 0.11015625 0.6868055555555556 0.0484375 0.09583333333333334