5 0.4265625 0.6006944444444444 0.009375 0.020833333333333332
2 0.455859375 0.6840277777777778 0.02734375 0.12361111111111112
1 0.197265625 0.4888888888888889 0.01640625 0.09166666666666666
7 0.146875 0.4618055555555556 0.1796875 0.1986111111111111
4 0.19453125 0.09722222222222222 0.2375 0.044444444444444446
4 0.8875 0.93125 0.13125 0.0375
6 0.6359375 0.2298611111111111 0.01875 0.07083333333333333
0 0.61953125 0.2361111111111111 0.0140625 0.07222222222222222
0 0.8859375 0.7465277777777778 0.034375 0.12361111111111112
0 0.74921875 0.6291666666666667 0.01875 0.10277777777777777
0 0.745703125 0.5388888888888889 0.02421875 0.08888888888888889
0 0.673828125 0.5701388888888889 0.02578125 0.10694444444444444
0 0.61015625 0.7173611111111111 0.0203125 0.10138888888888889
0 0.603515625 0.5986111111111111 0.02578125 0.09444444444444444
0 0.6125 0.5388888888888889 0.01875 0.1
0 0.56328125 0.53125 0.0203125 0.0875
0 0.535546875 0.5576388888888889 0.01484375 0.09305555555555556
0 0.246484375 0.49930555555555556 0.01328125 0.08472222222222223
0 0.2828125 0.50625 0.021875 0.0875
0 0.30703125 0.5791666666666667 0.021875 0.08888888888888889
0 0.321875 0.5451388888888888 0.021875 0.0875
0 0.347265625 0.49166666666666664 0.02109375 0.08333333333333333
0 0.38203125 0.5715277777777777 0.009375 0.0875
0 0.4 0.55 0.01875 0.08888888888888889
0 0.424609375 0.5194444444444445 0.01640625 0.08055555555555556
0 0.408203125 0.4909722222222222 0.01640625 0.07083333333333333