7 0.717578125 0.11805555555555555 0.09453125 0.10555555555555556
1 0.698046875 0.16875 0.02109375 0.05694444444444444
3 0.65703125 0.7 0.0109375 0.016666666666666666
0 0.915234375 0.4625 0.02578125 0.07777777777777778
0 0.670703125 0.7145833333333333 0.02421875 0.0875
0 0.602734375 0.6340277777777777 0.02421875 0.08472222222222223
0 0.583203125 0.36944444444444446 0.02109375 0.07222222222222222
0 0.551953125 0.3125 0.01484375 0.05
0 0.40234375 0.15625 0.009375 0.04861111111111111
0 0.3078125 0.28958333333333336 0.0140625 0.05138888888888889
0 0.353125 0.34652777777777777 0.0203125 0.06805555555555555
0 0.312109375 0.3902777777777778 0.01953125 0.06666666666666667
0 0.3515625 0.6013888888888889 0.025 0.08055555555555556
0 0.320703125 0.6263888888888889 0.03046875 0.08055555555555556
0 0.037109375 0.30694444444444446 0.02265625 0.06944444444444445
0 0.156640625 0.14583333333333334 0.01640625 0.044444444444444446
4 0.195703125 0.09722222222222222 0.23984375 0.04722222222222222
4 0.888671875 0.9326388888888889 0.13203125 0.034722222222222224
5 0.56796875 0.18472222222222223 0.0078125 0.011111111111111112