5 0.812890625 0.34930555555555554 0.00859375 0.009722222222222222
1 0.935546875 0.3145833333333333 0.01640625 0.07083333333333333
7 0.97890625 0.2520833333333333 0.0421875 0.10416666666666667
6 0.676171875 0.08263888888888889 0.01171875 0.05138888888888889
2 0.49765625 0.5048611111111111 0.0171875 0.0875
3 0.303125 0.7659722222222223 0.009375 0.015277777777777777
0 0.275 0.7888888888888889 0.0328125 0.11666666666666667
0 0.53125 0.7847222222222222 0.0328125 0.10277777777777777
0 0.8609375 0.94375 0.03125 0.1125
0 0.945703125 0.7173611111111111 0.02734375 0.10694444444444444
0 0.825 0.64375 0.0296875 0.0875
0 0.78515625 0.56875 0.0203125 0.0875
0 0.71953125 0.6666666666666666 0.03125 0.08611111111111111
0 0.671484375 0.41180555555555554 0.01484375 0.07083333333333333
0 0.621484375 0.3875 0.01484375 0.07222222222222222
0 0.585546875 0.35138888888888886 0.01640625 0.06111111111111111
0 0.5265625 0.3659722222222222 0.015625 0.059722222222222225
0 0.553515625 0.5236111111111111 0.01953125 0.08055555555555556
0 0.50703125 0.4305555555555556 0.0125 0.07222222222222222
0 0.463671875 0.3784722222222222 0.01953125 0.07083333333333333
0 0.49375 0.29583333333333334 0.0125 0.05555555555555555
0 0.109375 0.29444444444444445 0.01875 0.06388888888888888
0 0.326953125 0.5534722222222223 0.02109375 0.08194444444444444
0 0.4203125 0.6222222222222222 0.021875 0.09166666666666666
4 0.194921875 0.09791666666666667 0.24140625 0.04583333333333333
4 0.887109375 0.9319444444444445 0.13203125 0.025