6 0.01015625 0.1986111111111111 0.0203125 0.04722222222222222
6 0.8953125 0.6284722222222222 0.021875 0.07916666666666666
3 0.873828125 0.6416666666666667 0.00859375 0.013888888888888888
0 0.9203125 0.6013888888888889 0.0125 0.07222222222222222
5 0.1765625 0.4465277777777778 0.0078125 0.0125
0 0.03984375 0.46944444444444444 0.0203125 0.06944444444444445
0 0.1 0.4048611111111111 0.0140625 0.0625
0 0.11015625 0.4013888888888889 0.0140625 0.06111111111111111
0 0.119921875 0.3958333333333333 0.01484375 0.06388888888888888
0 0.170703125 0.38472222222222224 0.01484375 0.05277777777777778
0 0.2640625 0.35694444444444445 0.0125 0.05277777777777778
0 0.287109375 0.3875 0.01171875 0.058333333333333334
0 0.293359375 0.36319444444444443 0.01171875 0.04861111111111111
0 0.299609375 0.3861111111111111 0.01171875 0.05555555555555555
0 0.3078125 0.3645833333333333 0.009375 0.05694444444444444
0 0.313671875 0.3729166666666667 0.01015625 0.05694444444444444
0 0.340234375 0.37916666666666665 0.01015625 0.05555555555555555
0 0.335546875 0.37083333333333335 0.01171875 0.05
1 0.330078125 0.3625 0.01484375 0.05
7 0.358984375 0.34444444444444444 0.12265625 0.12777777777777777
4 0.194921875 0.09097222222222222 0.24140625 0.04861111111111111