5 0.66484375 0.34097222222222223 0.009375 0.015277777777777777
3 0.38515625 0.6368055555555555 0.0140625 0.02638888888888889
1 0.90703125 0.24722222222222223 0.025 0.10833333333333334
7 0.935546875 0.1951388888888889 0.12890625 0.20416666666666666
2 0.143359375 0.3951388888888889 0.02890625 0.11805555555555555
0 0.247265625 0.5555555555555556 0.03671875 0.1111111111111111
0 0.251953125 0.42083333333333334 0.03359375 0.09722222222222222
0 0.27734375 0.38125 0.034375 0.11527777777777778
0 0.409765625 0.5020833333333333 0.03359375 0.07916666666666666
0 0.380859375 0.5833333333333334 0.04296875 0.05
0 0.451953125 0.66875 0.04921875 0.1125
0 0.74609375 0.5201388888888889 0.0359375 0.10694444444444444
0 0.6703125 0.4083333333333333 0.025 0.10833333333333334
0 0.5828125 0.3888888888888889 0.01875 0.10277777777777777
0 0.58359375 0.36041666666666666 0.0390625 0.0875
0 0.451953125 0.4305555555555556 0.03203125 0.1111111111111111
0 0.481640625 0.22291666666666668 0.02421875 0.09027777777777778
0 0.409765625 0.3055555555555556 0.01953125 0.10555555555555556
0 0.39765625 0.26458333333333334 0.0234375 0.0875
4 0.886328125 0.9256944444444445 0.13359375 0.03194444444444444
4 0.194921875 0.09513888888888888 0.24140625 0.04583333333333333
0 0.011328125 0.9576388888888889 0.02265625 0.08472222222222223