6 0.9171875 0.09097222222222222 0.021875 0.08194444444444444
5 0.673828125 0.49166666666666664 0.00703125 0.016666666666666666
2 0.415625 0.7784722222222222 0.0359375 0.15416666666666667
1 0.425390625 0.4041666666666667 0.02265625 0.1111111111111111
7 0.38125 0.3347222222222222 0.1875 0.20277777777777778
4 0.1953125 0.09791666666666667 0.2390625 0.04583333333333333
4 0.887890625 0.9305555555555556 0.13359375 0.030555555555555555
0 0.3078125 0.6597222222222222 0.0296875 0.13055555555555556
0 0.50625 0.6493055555555556 0.0234375 0.12361111111111112
0 0.48828125 0.7368055555555556 0.0265625 0.11805555555555555
0 0.521484375 0.7840277777777778 0.02578125 0.12916666666666668
0 0.9453125 0.6659722222222222 0.0328125 0.13194444444444445
0 0.878125 0.5423611111111111 0.0203125 0.1125
0 0.983984375 0.4340277777777778 0.01953125 0.09861111111111111
0 0.8515625 0.4048611111111111 0.01875 0.09305555555555556
0 0.689453125 0.48819444444444443 0.02265625 0.09583333333333334
0 0.618359375 0.46597222222222223 0.02734375 0.10694444444444444
0 0.593359375 0.5715277777777777 0.02421875 0.07361111111111111
0 0.480078125 0.7402777777777778 0.03203125 0.08611111111111111