5 0.742578125 0.5131944444444444 0.00859375 0.009722222222222222
4 0.8890625 0.9305555555555556 0.134375 0.022222222222222223
4 0.19609375 0.09722222222222222 0.2421875 0.044444444444444446
7 0.482421875 0.36736111111111114 0.16953125 0.18194444444444444
1 0.496484375 0.44166666666666665 0.02734375 0.08888888888888889
3 0.50625 0.7493055555555556 0.0125 0.02361111111111111
0 0.50390625 0.7118055555555556 0.0484375 0.10416666666666667
0 0.5359375 0.6847222222222222 0.0296875 0.1111111111111111
0 0.673828125 0.6979166666666666 0.05078125 0.09583333333333334
0 0.824609375 0.46319444444444446 0.03359375 0.10138888888888889
0 0.94296875 0.4513888888888889 0.034375 0.08055555555555556
6 0.969140625 0.15069444444444444 0.02890625 0.07361111111111111