5 0.59765625 0.27291666666666664 0.009375 0.015277777777777777
1 0.737890625 0.2326388888888889 0.01953125 0.059722222222222225
7 0.776171875 0.1909722222222222 0.11484375 0.12638888888888888
6 0.469921875 0.029166666666666667 0.01796875 0.05555555555555555
4 0.19609375 0.09583333333333334 0.240625 0.04722222222222222
4 0.889453125 0.9326388888888889 0.13203125 0.02638888888888889
2 0.04375 0.35347222222222224 0.0171875 0.07361111111111111
3 0.3515625 0.6333333333333333 0.0109375 0.016666666666666666
0 0.137890625 0.68125 0.03671875 0.09305555555555556
0 0.19765625 0.4756944444444444 0.01875 0.07361111111111111
0 0.273046875 0.43125 0.02265625 0.07916666666666666
0 0.335546875 0.38333333333333336 0.01640625 0.08055555555555556
0 0.363671875 0.2701388888888889 0.01484375 0.06527777777777778
0 0.491015625 0.4423611111111111 0.01640625 0.06805555555555555
0 0.53515625 0.42430555555555555 0.01875 0.06805555555555555
0 0.55234375 0.5131944444444444 0.01875 0.08472222222222223
0 0.0859375 0.41805555555555557 0.021875 0.06111111111111111
0 0.153515625 0.29930555555555555 0.01640625 0.05694444444444444
0 0.11875 0.20208333333333334 0.0171875 0.05694444444444444