6 0.825390625 0.0798611111111111 0.02265625 0.07361111111111111
2 0.89453125 0.7486111111111111 0.040625 0.14166666666666666
4 0.887109375 0.9326388888888889 0.13515625 0.018055555555555554
1 0.384375 0.3597222222222222 0.0265625 0.09444444444444444
7 0.324609375 0.3159722222222222 0.17890625 0.19305555555555556
5 0.6 0.46041666666666664 0.009375 0.018055555555555554
0 0.18359375 0.8854166666666666 0.0375 0.14583333333333334
0 0.292578125 0.7125 0.04296875 0.11666666666666667
0 0.494921875 0.7659722222222223 0.03359375 0.12916666666666668
0 0.7203125 0.6222222222222222 0.0203125 0.11388888888888889
0 0.380078125 0.6333333333333333 0.02734375 0.12222222222222222
0 0.50546875 0.5986111111111111 0.0265625 0.10277777777777777
0 0.5828125 0.5465277777777777 0.0390625 0.10694444444444444
0 0.7265625 0.4340277777777778 0.0265625 0.09861111111111111
0 0.8203125 0.4041666666666667 0.028125 0.09166666666666666
0 0.9828125 0.22291666666666668 0.015625 0.09027777777777778
0 0.783984375 0.3263888888888889 0.02265625 0.09444444444444444
0 0.6203125 0.39861111111111114 0.0296875 0.08055555555555556
0 0.59765625 0.38819444444444445 0.025 0.09305555555555556
0 0.55078125 0.42083333333333334 0.025 0.11388888888888889
0 0.552734375 0.4125 0.02578125 0.10555555555555556
0 0.49453125 0.44027777777777777 0.028125 0.10277777777777777
4 0.19609375 0.09513888888888888 0.2421875 0.04861111111111111