0 0.590234375 0.5826388888888889 0.02265625 0.0875
0 0.512890625 0.4284722222222222 0.02109375 0.08194444444444444
0 0.52890625 0.3861111111111111 0.0109375 0.08333333333333333
0 0.444921875 0.4097222222222222 0.02109375 0.06111111111111111
0 0.419921875 0.3861111111111111 0.01484375 0.07222222222222222
0 0.403125 0.3701388888888889 0.0171875 0.0763888888888889
0 0.36796875 0.4083333333333333 0.009375 0.08055555555555556
0 0.357421875 0.48194444444444445 0.01640625 0.08611111111111111
0 0.341796875 0.5152777777777777 0.02109375 0.08333333333333333
0 0.2296875 0.5416666666666666 0.021875 0.08333333333333333
0 0.103515625 0.5340277777777778 0.02421875 0.07916666666666666
0 0.189453125 0.42291666666666666 0.01484375 0.07916666666666666
0 0.27421875 0.41597222222222224 0.01875 0.0763888888888889
0 0.308203125 0.3840277777777778 0.01484375 0.06805555555555555
0 0.320703125 0.40694444444444444 0.01953125 0.06944444444444445
1 0.5765625 0.3819444444444444 0.01875 0.075
2 0.13984375 0.37569444444444444 0.015625 0.07916666666666666
6 0.148828125 0.15208333333333332 0.01953125 0.059722222222222225
4 0.195703125 0.09444444444444444 0.23828125 0.041666666666666664
4 0.8875 0.93125 0.1328125 0.029166666666666667
7 0.562109375 0.3423611111111111 0.14921875 0.1597222222222222
5 0.335546875 0.4618055555555556 0.00859375 0.009722222222222222