5 0.666796875 0.3145833333333333 0.01015625 0.015277777777777777
1 0.775390625 0.2923611111111111 0.01484375 0.04583333333333333
7 0.821484375 0.25069444444444444 0.09609375 0.11527777777777778
6 0.56015625 0.10069444444444445 0.0140625 0.05138888888888889
3 0.6625 0.7833333333333333 0.009375 0.016666666666666666
0 0.85703125 0.7930555555555555 0.034375 0.08611111111111111
0 0.836328125 0.7034722222222223 0.02734375 0.07916666666666666
0 0.648828125 0.7652777777777777 0.02890625 0.09166666666666666
0 0.6171875 0.6847222222222222 0.0234375 0.07777777777777778
0 0.671875 0.5611111111111111 0.0234375 0.07222222222222222
0 0.58671875 0.37916666666666665 0.0140625 0.041666666666666664
0 0.573046875 0.3597222222222222 0.01796875 0.04722222222222222
0 0.48125 0.3145833333333333 0.015625 0.05138888888888889
0 0.39375 0.24097222222222223 0.015625 0.04861111111111111
0 0.377734375 0.33055555555555555 0.01328125 0.044444444444444446
0 0.42109375 0.48125 0.0171875 0.07083333333333333
0 0.308203125 0.5159722222222223 0.02109375 0.07361111111111111
0 0.164453125 0.5805555555555556 0.02734375 0.07777777777777778
0 0.076953125 0.8013888888888889 0.03984375 0.09166666666666666
0 0.044140625 0.4173611111111111 0.02578125 0.059722222222222225
0 0.189453125 0.3013888888888889 0.01484375 0.058333333333333334
0 0.05078125 0.22777777777777777 0.0109375 0.04722222222222222
0 0.292578125 0.18541666666666667 0.01328125 0.03194444444444444
4 0.19609375 0.09583333333333334 0.240625 0.044444444444444446
4 0.890625 0.93125 0.134375 0.029166666666666667
2 0.328515625 0.36041666666666666 0.01796875 0.05694444444444444