5 0.581640625 0.4409722222222222 0.00859375 0.0125
6 0.749609375 0.16111111111111112 0.02734375 0.05555555555555555
3 0.279296875 0.5965277777777778 0.01015625 0.018055555555555554
2 0.80390625 0.6555555555555556 0.021875 0.11388888888888889
1 0.396484375 0.3819444444444444 0.01640625 0.07222222222222222
7 0.378515625 0.33055555555555555 0.13359375 0.14722222222222223
4 0.8890625 0.9291666666666667 0.1328125 0.03333333333333333
4 0.1953125 0.09652777777777778 0.240625 0.04027777777777778
0 0.2140625 0.9305555555555556 0.040625 0.125
0 0.21171875 0.7576388888888889 0.0359375 0.11527777777777778
0 0.770703125 0.7694444444444445 0.02578125 0.10555555555555556
0 0.408984375 0.7743055555555556 0.02578125 0.10694444444444444
0 0.507421875 0.6590277777777778 0.01640625 0.09583333333333334
0 0.4390625 0.6576388888888889 0.0234375 0.08194444444444444
0 0.383203125 0.7305555555555555 0.03671875 0.04722222222222222
0 0.37265625 0.6409722222222223 0.0328125 0.10138888888888889
0 0.428125 0.46111111111111114 0.0296875 0.06944444444444445
0 0.841796875 0.30416666666666664 0.01484375 0.06388888888888888
0 0.81953125 0.4618055555555556 0.0140625 0.07083333333333333
0 0.751953125 0.51875 0.01484375 0.06805555555555555
0 0.74609375 0.55 0.0234375 0.08333333333333333
0 0.63984375 0.5138888888888888 0.0234375 0.08055555555555556
0 0.73203125 0.4201388888888889 0.0234375 0.07916666666666666
0 0.709375 0.36944444444444446 0.015625 0.06944444444444445
0 0.63984375 0.3951388888888889 0.0109375 0.07361111111111111
0 0.59765625 0.4027777777777778 0.021875 0.07222222222222222