1 0.318359375 0.24097222222222223 0.02109375 0.09305555555555556
0 0.00703125 0.2326388888888889 0.0140625 0.09305555555555556
0 0.061328125 0.25 0.02109375 0.10277777777777777
0 0.0796875 0.25 0.015625 0.09166666666666666
0 0.105078125 0.28680555555555554 0.02421875 0.09583333333333334
0 0.163671875 0.29305555555555557 0.01640625 0.09722222222222222
0 0.1765625 0.3159722222222222 0.0171875 0.10138888888888889
0 0.24140625 0.34444444444444444 0.025 0.1
0 0.366015625 0.63125 0.02890625 0.13472222222222222
0 0.44765625 0.5597222222222222 0.0296875 0.11666666666666667
0 0.640625 0.7194444444444444 0.04375 0.1111111111111111
0 0.934375 0.7909722222222222 0.0421875 0.12361111111111112
0 0.6640625 0.7875 0.04375 0.1361111111111111
3 0.660546875 0.8284722222222223 0.01171875 0.02361111111111111
4 0.19609375 0.09722222222222222 0.2390625 0.044444444444444446
7 0.36875 0.19652777777777777 0.1890625 0.16527777777777777
5 0.083203125 0.3375 0.01015625 0.011111111111111112
4 0.88828125 0.9298611111111111 0.1328125 0.043055555555555555