5 0.38515625 0.4777777777777778 0.0109375 0.016666666666666666
3 0.71484375 0.5722222222222222 0.0109375 0.019444444444444445
2 0.784765625 0.49722222222222223 0.03515625 0.11666666666666667
1 0.148828125 0.36180555555555555 0.03203125 0.1125
6 0.6203125 0.05763888888888889 0.01875 0.0763888888888889
7 0.08671875 0.3263888888888889 0.1734375 0.225
4 0.19765625 0.09722222222222222 0.24375 0.04722222222222222
4 0.8859375 0.9284722222222223 0.134375 0.020833333333333332
0 0.9546875 0.5743055555555555 0.0234375 0.12083333333333333
0 0.792578125 0.40347222222222223 0.04140625 0.09861111111111111
0 0.76953125 0.29305555555555557 0.021875 0.09444444444444444
0 0.730078125 0.15694444444444444 0.02734375 0.09444444444444444
0 0.654296875 0.3590277777777778 0.02265625 0.09305555555555556
0 0.600390625 0.5194444444444445 0.02890625 0.10555555555555556
0 0.561328125 0.4423611111111111 0.01953125 0.09861111111111111
0 0.553515625 0.28541666666666665 0.02109375 0.1125
0 0.496484375 0.35833333333333334 0.02265625 0.08611111111111111
0 0.403515625 0.3993055555555556 0.02109375 0.09861111111111111
0 0.350390625 0.3541666666666667 0.02265625 0.09444444444444444
0 0.31328125 0.4513888888888889 0.0296875 0.10277777777777777
0 0.312890625 0.5798611111111112 0.03359375 0.10972222222222222
0 0.24609375 0.4756944444444444 0.021875 0.09861111111111111
0 0.0390625 0.7180555555555556 0.028125 0.1111111111111111