5 0.488671875 0.4513888888888889 0.01015625 0.019444444444444445
3 0.354296875 0.6444444444444445 0.01484375 0.025
1 0.709765625 0.35833333333333334 0.02734375 0.12222222222222222
2 0.00390625 0.5416666666666666 0.0078125 0.10277777777777777
0 0.3265625 0.8055555555555556 0.0390625 0.125
0 0.44765625 0.6777777777777778 0.0390625 0.10555555555555556
0 0.578515625 0.5645833333333333 0.02578125 0.10972222222222222
0 0.503515625 0.49027777777777776 0.02109375 0.09444444444444444
0 0.4453125 0.5138888888888888 0.053125 0.04722222222222222
0 0.400390625 0.47152777777777777 0.02890625 0.04027777777777778
0 0.39921875 0.3729166666666667 0.0296875 0.09861111111111111
0 0.337109375 0.3993055555555556 0.03046875 0.0875
0 0.312890625 0.375 0.02890625 0.08611111111111111
0 0.334375 0.5666666666666667 0.034375 0.09166666666666666
0 0.28046875 0.5034722222222222 0.028125 0.10416666666666667
0 0.200390625 0.4701388888888889 0.02734375 0.10138888888888889
0 0.103125 0.4951388888888889 0.028125 0.10416666666666667
4 0.195703125 0.09930555555555555 0.23984375 0.04861111111111111
4 0.88828125 0.9305555555555556 0.1359375 0.027777777777777776
7 0.77265625 0.3125 0.1890625 0.20555555555555555
6 0.26875 0.052083333333333336 0.01875 0.04583333333333333