6 0.87890625 0.26805555555555555 0.0265625 0.08055555555555556
3 0.7578125 0.36041666666666666 0.0078125 0.0125
2 0.2625 0.5291666666666667 0.0203125 0.10833333333333334
0 0.00546875 0.4486111111111111 0.0109375 0.10833333333333334
0 0.071484375 0.5729166666666666 0.02734375 0.10972222222222222
0 0.051953125 0.9291666666666667 0.04453125 0.14166666666666666
0 0.502734375 0.7305555555555555 0.02734375 0.12222222222222222
0 0.509375 0.6395833333333333 0.0234375 0.11527777777777778
0 0.503515625 0.45625 0.01796875 0.09861111111111111
0 0.534765625 0.5104166666666666 0.03046875 0.09861111111111111
0 0.555078125 0.3402777777777778 0.01640625 0.075
0 0.621875 0.3090277777777778 0.015625 0.07083333333333333
0 0.784765625 0.3347222222222222 0.02109375 0.06388888888888888
0 0.80078125 0.34930555555555554 0.025 0.0625
0 0.845703125 0.5583333333333333 0.02265625 0.10833333333333334
0 0.855859375 0.8923611111111112 0.03046875 0.1375
4 0.8875 0.9333333333333333 0.134375 0.025
4 0.195703125 0.09652777777777778 0.23828125 0.043055555555555555