1 0.76484375 0.3159722222222222 0.0234375 0.0875
2 0.37734375 0.6340277777777777 0.03125 0.1125
6 0.036328125 0.5979166666666667 0.04609375 0.10138888888888889
0 0.444140625 0.44930555555555557 0.02109375 0.0875
0 0.57109375 0.4791666666666667 0.028125 0.09444444444444444
0 0.656640625 0.5715277777777777 0.02734375 0.09861111111111111
0 0.651171875 0.7680555555555556 0.01640625 0.10555555555555556
0 0.63828125 0.7409722222222223 0.0265625 0.09583333333333334
0 0.841796875 0.48541666666666666 0.02734375 0.08194444444444444
0 0.969140625 0.5076388888888889 0.02109375 0.09027777777777778
0 0.973828125 0.4048611111111111 0.02890625 0.07916666666666666
0 0.928515625 0.3951388888888889 0.02734375 0.07916666666666666
0 0.85234375 0.3597222222222222 0.025 0.08333333333333333
0 0.808203125 0.36944444444444446 0.02265625 0.075
0 0.7390625 0.41180555555555554 0.0203125 0.07916666666666666
0 0.683984375 0.44027777777777777 0.02265625 0.07777777777777778
7 0.705078125 0.2638888888888889 0.14765625 0.15555555555555556
4 0.19453125 0.09583333333333334 0.2375 0.04722222222222222
4 0.887890625 0.9298611111111111 0.13515625 0.029166666666666667