5 0.74921875 0.6576388888888889 0.009375 0.0125
1 0.93359375 0.5611111111111111 0.0203125 0.10555555555555556
7 0.98125 0.49583333333333335 0.0375 0.14444444444444443
6 0.53359375 0.25625 0.025 0.09027777777777778
3 0.23203125 0.5097222222222222 0.0078125 0.016666666666666666
4 0.19609375 0.09652777777777778 0.2390625 0.043055555555555555
2 0.0375 0.6493055555555556 0.025 0.10416666666666667
0 0.15859375 0.6270833333333333 0.028125 0.09861111111111111
0 0.21796875 0.4756944444444444 0.0234375 0.09027777777777778
0 0.38046875 0.5020833333333333 0.0203125 0.07083333333333333
0 0.38515625 0.5534722222222223 0.0203125 0.09861111111111111
0 0.408984375 0.5743055555555555 0.01796875 0.09027777777777778
0 0.413671875 0.6361111111111111 0.03203125 0.09444444444444444
0 0.59140625 0.59375 0.0265625 0.1125
0 0.664453125 0.6847222222222222 0.02109375 0.1111111111111111
0 0.72265625 0.7208333333333333 0.0203125 0.10833333333333334
0 0.820703125 0.8083333333333333 0.02421875 0.12222222222222222
0 0.9875 0.9736111111111111 0.025 0.05277777777777778
0 0.041796875 0.8409722222222222 0.03203125 0.11805555555555555
0 0.126171875 0.9881944444444445 0.02421875 0.02361111111111111
0 0.38671875 0.9618055555555556 0.0390625 0.0763888888888889
4 0.8859375 0.9319444444444445 0.128125 0.022222222222222223