5 0.46796875 0.27569444444444446 0.009375 0.0125
1 0.598828125 0.22569444444444445 0.01640625 0.059722222222222225
7 0.6375 0.19166666666666668 0.109375 0.11944444444444445
6 0.337890625 0.03888888888888889 0.01328125 0.044444444444444446
4 0.195703125 0.09652777777777778 0.23984375 0.043055555555555555
2 0.130078125 0.5451388888888888 0.01640625 0.09027777777777778
3 0.63671875 0.7652777777777777 0.009375 0.016666666666666666
4 0.8890625 0.9347222222222222 0.1328125 0.022222222222222223
0 0.05234375 0.5041666666666667 0.025 0.08611111111111111
0 0.09375 0.5868055555555556 0.0265625 0.07361111111111111
0 0.2921875 0.5486111111111112 0.021875 0.07222222222222222
0 0.41796875 0.5090277777777777 0.021875 0.08194444444444444
0 0.67421875 0.5875 0.0171875 0.09166666666666666
0 0.456640625 0.3729166666666667 0.01484375 0.07361111111111111
0 0.376953125 0.32222222222222224 0.01796875 0.058333333333333334
0 0.297265625 0.40902777777777777 0.02578125 0.07083333333333333
0 0.319921875 0.3125 0.01484375 0.058333333333333334
0 0.312890625 0.29583333333333334 0.01484375 0.06666666666666667
0 0.200390625 0.2388888888888889 0.01640625 0.06111111111111111
0 0.196875 0.33611111111111114 0.01875 0.06111111111111111
0 0.162109375 0.3333333333333333 0.01796875 0.06388888888888888
0 0.15078125 0.35 0.0234375 0.06666666666666667
0 0.551953125 0.7541666666666667 0.02265625 0.1
0 0.728515625 0.7222222222222222 0.02421875 0.10277777777777777