5 0.45546875 0.3055555555555556 0.00625 0.008333333333333333
1 0.541015625 0.27361111111111114 0.01484375 0.05
7 0.603515625 0.23194444444444445 0.09921875 0.10833333333333334
6 0.340234375 0.09791666666666667 0.02265625 0.05138888888888889
4 0.19609375 0.09583333333333334 0.2421875 0.04722222222222222
2 0.11171875 0.4111111111111111 0.021875 0.08055555555555556
0 0.08671875 0.41388888888888886 0.015625 0.06111111111111111
0 0.134765625 0.29097222222222224 0.01796875 0.05694444444444444
0 0.14765625 0.3951388888888889 0.0140625 0.06527777777777778
0 0.248046875 0.6131944444444445 0.02890625 0.07361111111111111
0 0.11015625 0.5979166666666667 0.0109375 0.09583333333333334
0 0.040625 0.7145833333333333 0.021875 0.09583333333333334
0 0.2625 0.9333333333333333 0.0234375 0.10833333333333334
0 0.421484375 0.7819444444444444 0.02109375 0.08055555555555556
0 0.556640625 0.8118055555555556 0.02578125 0.10694444444444444
0 0.578125 0.7104166666666667 0.0203125 0.08472222222222223
3 0.553125 0.8291666666666667 0.0078125 0.011111111111111112
0 0.457421875 0.6930555555555555 0.03203125 0.075
0 0.4671875 0.6020833333333333 0.0296875 0.06805555555555555
0 0.36328125 0.38958333333333334 0.021875 0.05416666666666667
0 0.324609375 0.35208333333333336 0.01640625 0.0625
0 0.29609375 0.3451388888888889 0.0171875 0.06527777777777778
0 0.26484375 0.38333333333333336 0.01875 0.06388888888888888