5 0.407421875 0.3798611111111111 0.01015625 0.009722222222222222
7 0.2140625 0.2861111111111111 0.1296875 0.1388888888888889
4 0.195703125 0.09652777777777778 0.23828125 0.04027777777777778
1 0.28125 0.32083333333333336 0.01875 0.08055555555555556
2 0.698046875 0.5680555555555555 0.02265625 0.08888888888888889
4 0.88671875 0.9305555555555556 0.1328125 0.022222222222222223
3 0.522265625 0.8020833333333334 0.01484375 0.020833333333333332
0 0.887890625 0.35555555555555557 0.02109375 0.06944444444444445
0 0.9609375 0.5395833333333333 0.0171875 0.08194444444444444
0 0.65078125 0.7625 0.0265625 0.09166666666666666
0 0.62421875 0.4979166666666667 0.0203125 0.07916666666666666
0 0.59921875 0.4701388888888889 0.0171875 0.06805555555555555
0 0.5953125 0.38680555555555557 0.015625 0.0625
0 0.680078125 0.24583333333333332 0.01328125 0.05555555555555555
6 0.55078125 0.12152777777777778 0.015625 0.04861111111111111
0 0.5390625 0.3 0.0171875 0.058333333333333334
0 0.522265625 0.32222222222222224 0.01796875 0.058333333333333334
0 0.539453125 0.37083333333333335 0.01796875 0.06666666666666667
0 0.462890625 0.33958333333333335 0.02109375 0.0625
0 0.506640625 0.4666666666666667 0.01484375 0.06944444444444445
0 0.425390625 0.4 0.01328125 0.06388888888888888
0 0.42421875 0.5902777777777778 0.0234375 0.08333333333333333
0 0.324609375 0.7486111111111111 0.02421875 0.06666666666666667
0 0.33828125 0.8159722222222222 0.0265625 0.09027777777777778
0 0.126953125 0.7631944444444444 0.02265625 0.10416666666666667
0 0.2828125 0.6319444444444444 0.0328125 0.08888888888888889
0 0.2671875 0.5597222222222222 0.03125 0.08888888888888889
0 0.236328125 0.5430555555555555 0.03046875 0.08333333333333333