5 0.4828125 0.27569444444444446 0.0109375 0.0125
1 0.631640625 0.23125 0.01796875 0.06805555555555555
2 0.164453125 0.35347222222222224 0.02265625 0.0763888888888889
3 0.650390625 0.6319444444444444 0.00859375 0.011111111111111112
0 0.669921875 0.6013888888888889 0.03046875 0.08888888888888889
0 0.803515625 0.7020833333333333 0.02421875 0.10138888888888889
0 0.73828125 0.80625 0.04375 0.11527777777777778
0 0.569921875 0.7548611111111111 0.03203125 0.09027777777777778
0 0.51484375 0.7166666666666667 0.0375 0.07222222222222222
0 0.17421875 0.5888888888888889 0.034375 0.09444444444444444
0 0.303515625 0.49722222222222223 0.02578125 0.08611111111111111
0 0.53203125 0.37916666666666665 0.0125 0.06944444444444445
0 0.603125 0.4465277777777778 0.03125 0.07083333333333333
0 0.32734375 0.2986111111111111 0.0171875 0.07777777777777778
0 0.205859375 0.33055555555555555 0.01953125 0.08055555555555556
0 0.201171875 0.21875 0.02265625 0.05416666666666667
0 0.06640625 0.14722222222222223 0.0171875 0.05
4 0.19609375 0.09861111111111111 0.2375 0.04722222222222222
6 0.340234375 0.025 0.01796875 0.05
7 0.671875 0.18055555555555555 0.128125 0.14166666666666666
0 0.0125 0.9326388888888889 0.025 0.13472222222222222
4 0.888671875 0.93125 0.13359375 0.029166666666666667