5 0.228125 0.7736111111111111 0.00625 0.008333333333333333
1 0.02734375 0.6388888888888888 0.0265625 0.125
2 0.784375 0.7159722222222222 0.028125 0.11527777777777778
4 0.887109375 0.9305555555555556 0.13515625 0.030555555555555555
4 0.19453125 0.09652777777777778 0.240625 0.043055555555555555
3 0.684765625 0.42986111111111114 0.00859375 0.015277777777777777
0 0.74296875 0.42291666666666666 0.028125 0.0763888888888889
0 0.766015625 0.5229166666666667 0.02109375 0.09027777777777778
0 0.722265625 0.5 0.03671875 0.09166666666666666
0 0.65703125 0.4465277777777778 0.0171875 0.0875
0 0.74140625 0.7013888888888888 0.0265625 0.09444444444444444
0 0.760546875 0.6847222222222222 0.02421875 0.12777777777777777
0 0.398828125 0.6083333333333333 0.01640625 0.11388888888888889
0 0.179296875 0.71875 0.01953125 0.12083333333333333
0 0.1546875 0.8048611111111111 0.0328125 0.1125
0 0.2421875 0.8201388888888889 0.0296875 0.12638888888888888
0 0.3390625 0.9381944444444444 0.0359375 0.12361111111111112
6 0.46953125 0.3423611111111111 0.0328125 0.07361111111111111