3 0.4828125 0.5048611111111111 0.00625 0.0125
2 0.578125 0.5180555555555556 0.03125 0.09444444444444444
0 0.499609375 0.6354166666666666 0.04765625 0.11805555555555555
0 0.65859375 0.5465277777777777 0.0390625 0.10138888888888889
0 0.676953125 0.4756944444444444 0.02734375 0.08194444444444444
0 0.634375 0.4444444444444444 0.0234375 0.08611111111111111
0 0.49453125 0.4840277777777778 0.0171875 0.09305555555555556
0 0.500390625 0.4736111111111111 0.03984375 0.03333333333333333
0 0.412890625 0.44166666666666665 0.02109375 0.08888888888888889
0 0.25703125 0.45902777777777776 0.0234375 0.08194444444444444
0 0.176171875 0.5138888888888888 0.03984375 0.09166666666666666
0 0.1578125 0.45694444444444443 0.03125 0.07777777777777778
4 0.1828125 0.11527777777777778 0.2234375 0.041666666666666664
4 0.04140625 0.11736111111111111 0.025 0.034722222222222224
0 0.89921875 0.49583333333333335 0.03125 0.09722222222222222
0 0.7828125 0.53125 0.0328125 0.09583333333333334
6 0.913671875 0.3819444444444444 0.02109375 0.07777777777777778
4 0.937109375 0.9166666666666666 0.05390625 0.07777777777777778