1 0.782421875 0.32013888888888886 0.03203125 0.0763888888888889
7 0.898046875 0.29583333333333334 0.14140625 0.16111111111111112
4 0.936328125 0.9145833333333333 0.05390625 0.08194444444444444
6 0.680078125 0.23055555555555557 0.01640625 0.05277777777777778
3 0.5890625 0.5715277777777777 0.01875 0.029166666666666667
0 0.568359375 0.32708333333333334 0.01953125 0.09305555555555556
5 0.566796875 0.3576388888888889 0.00546875 0.009722222222222222
0 0.52109375 0.58125 0.0390625 0.1486111111111111
0 0.52109375 0.41944444444444445 0.0515625 0.11944444444444445
0 0.4953125 0.3951388888888889 0.021875 0.10416666666666667
0 0.487890625 0.31805555555555554 0.01953125 0.08888888888888889
0 0.4859375 0.30277777777777776 0.021875 0.08055555555555556
0 0.43125 0.39652777777777776 0.0359375 0.09305555555555556
0 0.4421875 0.4708333333333333 0.034375 0.1111111111111111
0 0.45078125 0.5541666666666667 0.05625 0.15
0 0.139453125 0.44930555555555557 0.03203125 0.13194444444444445
2 0.1546875 0.3548611111111111 0.0203125 0.09027777777777778
0 0.23125 0.3645833333333333 0.025 0.10138888888888889
0 0.313671875 0.29097222222222224 0.02265625 0.09027777777777778
0 0.4578125 0.2625 0.015625 0.058333333333333334
0 0.0453125 0.29305555555555557 0.021875 0.07777777777777778
4 0.04140625 0.11805555555555555 0.0265625 0.03888888888888889
4 0.182421875 0.11944444444444445 0.22265625 0.04722222222222222