5 0.4 0.40555555555555556 0.009375 0.013888888888888888
1 0.2359375 0.35625 0.0234375 0.0875
7 0.18671875 0.32222222222222224 0.1671875 0.12777777777777777
4 0.180078125 0.12083333333333333 0.22265625 0.04722222222222222
4 0.041796875 0.12013888888888889 0.02265625 0.034722222222222224
0 0.241796875 0.49375 0.02578125 0.11805555555555555
0 0.30078125 0.4930555555555556 0.034375 0.12222222222222222
0 0.33203125 0.5666666666666667 0.0359375 0.12222222222222222
6 0.6171875 0.26180555555555557 0.021875 0.059722222222222225
0 0.583203125 0.41388888888888886 0.02265625 0.10833333333333334
0 0.573828125 0.525 0.04609375 0.08611111111111111
0 0.602734375 0.5131944444444444 0.03984375 0.09305555555555556
3 0.738671875 0.4965277777777778 0.00859375 0.0125
0 0.749609375 0.45625 0.01953125 0.1125
0 0.80234375 0.3458333333333333 0.025 0.08333333333333333
0 0.96953125 0.3590277777777778 0.01875 0.08472222222222223
0 0.65078125 0.8090277777777778 0.0609375 0.1486111111111111
4 0.93984375 0.9159722222222222 0.0640625 0.07361111111111111
0 0.03671875 0.8506944444444444 0.0421875 0.2125