5 0.4859375 0.40555555555555556 0.009375 0.011111111111111112
1 0.654296875 0.3458333333333333 0.03203125 0.08611111111111111
3 0.669140625 0.6520833333333333 0.01484375 0.02361111111111111
7 0.7265625 0.3138888888888889 0.1796875 0.14166666666666666
4 0.9359375 0.9152777777777777 0.059375 0.08333333333333333
4 0.1828125 0.11805555555555555 0.2234375 0.04722222222222222
4 0.039453125 0.11597222222222223 0.02265625 0.034722222222222224
6 0.253515625 0.25416666666666665 0.02109375 0.06388888888888888
0 0.20390625 0.36319444444444443 0.0203125 0.08472222222222223
0 0.105859375 0.4756944444444444 0.02578125 0.11527777777777778
0 0.218359375 0.5576388888888889 0.04921875 0.13194444444444445
0 0.306640625 0.4027777777777778 0.02578125 0.09444444444444444
0 0.429296875 0.4013888888888889 0.02578125 0.1
0 0.12734375 0.7138888888888889 0.0453125 0.15833333333333333
0 0.437890625 0.5784722222222223 0.03984375 0.12083333333333333
0 0.46484375 0.5555555555555556 0.0296875 0.11666666666666667
0 0.56171875 0.4722222222222222 0.0328125 0.11666666666666667
0 0.621875 0.46458333333333335 0.03125 0.1125
0 0.709765625 0.5680555555555555 0.04140625 0.09444444444444444
0 0.805859375 0.65 0.06328125 0.1388888888888889