0 0.87265625 0.6930555555555555 0.0390625 0.15555555555555556
4 0.93515625 0.9194444444444444 0.0609375 0.07777777777777778
0 0.8671875 0.50625 0.01875 0.11805555555555555
0 0.841015625 0.48541666666666666 0.02578125 0.11805555555555555
0 0.721875 0.5388888888888889 0.03125 0.11666666666666667
0 0.648046875 0.47430555555555554 0.03203125 0.09027777777777778
0 0.59453125 0.4625 0.0328125 0.08055555555555556
2 0.587890625 0.5611111111111111 0.03359375 0.10277777777777777
0 0.562890625 0.5034722222222222 0.02734375 0.09861111111111111
0 0.5625 0.4701388888888889 0.025 0.11805555555555555
0 0.537109375 0.46458333333333335 0.01953125 0.0875
0 0.51796875 0.4708333333333333 0.0328125 0.09444444444444444
0 0.44765625 0.6020833333333333 0.0390625 0.14027777777777778
0 0.325390625 0.4951388888888889 0.02734375 0.10694444444444444
0 0.24765625 0.5520833333333334 0.04375 0.12638888888888888
0 0.176953125 0.49930555555555556 0.02578125 0.12361111111111112
0 0.012890625 0.5104166666666666 0.02578125 0.12638888888888888
4 0.18359375 0.11736111111111111 0.225 0.04027777777777778
4 0.041015625 0.12013888888888889 0.02421875 0.0375