5 0.685546875 0.38333333333333336 0.01015625 0.011111111111111112
1 0.86640625 0.31875 0.028125 0.10694444444444444
7 0.923046875 0.27361111111111114 0.15390625 0.1527777777777778
6 0.4390625 0.20972222222222223 0.0234375 0.07222222222222222
3 0.1828125 0.11666666666666667 0.2265625 0.041666666666666664
3 0.0421875 0.11666666666666667 0.0234375 0.03611111111111111
2 0.15546875 0.3951388888888889 0.03125 0.11527777777777778
0 0.066015625 0.4701388888888889 0.04765625 0.13194444444444445
0 0.1234375 0.26319444444444445 0.0265625 0.09861111111111111
0 0.3078125 0.3972222222222222 0.03125 0.1111111111111111
0 0.357421875 0.33125 0.02578125 0.09027777777777778
0 0.45390625 0.3951388888888889 0.021875 0.10972222222222222
0 0.502734375 0.34652777777777777 0.02890625 0.10972222222222222
0 0.553125 0.41597222222222224 0.0390625 0.12361111111111112
0 0.615234375 0.4166666666666667 0.03203125 0.11666666666666667
0 0.712890625 0.5861111111111111 0.03359375 0.13055555555555556
0 0.523828125 0.7576388888888889 0.05859375 0.1875
3 0.553125 0.7881944444444444 0.0125 0.02638888888888889
0 0.465234375 0.5402777777777777 0.04140625 0.12222222222222222
0 0.429296875 0.5548611111111111 0.04296875 0.1375
4 0.937109375 0.9131944444444444 0.05703125 0.08194444444444444