4 0.1828125 0.11875 0.225 0.043055555555555555
4 0.041015625 0.11597222222222223 0.02265625 0.034722222222222224
6 0.341015625 0.36527777777777776 0.03046875 0.08333333333333333
0 0.30390625 0.49722222222222223 0.0375 0.11666666666666667
0 0.229296875 0.6381944444444444 0.03984375 0.1625
0 0.088671875 0.5854166666666667 0.04453125 0.15416666666666667
3 0.7546875 0.45555555555555555 0.0078125 0.016666666666666666
0 0.714453125 0.41597222222222224 0.03515625 0.09861111111111111
0 0.648828125 0.4083333333333333 0.02578125 0.09444444444444444
0 0.6375 0.4826388888888889 0.040625 0.09861111111111111
0 0.646875 0.44583333333333336 0.05 0.025
0 0.815234375 0.6208333333333333 0.04765625 0.14444444444444443
0 0.6953125 0.6361111111111111 0.04375 0.13333333333333333
0 0.994140625 0.5152777777777777 0.01171875 0.10555555555555556
4 0.939453125 0.9180555555555555 0.05859375 0.08333333333333333