6 0.915234375 0.2604166666666667 0.01796875 0.05694444444444444
4 0.936328125 0.9152777777777777 0.05390625 0.07777777777777778
0 0.89140625 0.54375 0.021875 0.10416666666666667
0 0.89140625 0.5069444444444444 0.0265625 0.10833333333333334
0 0.76484375 0.4340277777777778 0.021875 0.10694444444444444
0 0.651953125 0.47638888888888886 0.01953125 0.08888888888888889
0 0.635546875 0.5465277777777777 0.03359375 0.1125
0 0.509375 0.48819444444444443 0.021875 0.09305555555555556
0 0.58984375 0.38055555555555554 0.028125 0.07777777777777778
0 0.47109375 0.475 0.0296875 0.030555555555555555
0 0.419921875 0.46597222222222223 0.03515625 0.10138888888888889
0 0.394140625 0.6048611111111111 0.03046875 0.12638888888888888
0 0.3265625 0.4722222222222222 0.034375 0.08888888888888889
3 0.31015625 0.44375 0.009375 0.015277777777777777
2 0.1953125 0.5208333333333334 0.0265625 0.10277777777777777
0 0.1359375 0.35694444444444445 0.0234375 0.06666666666666667
4 0.183203125 0.12152777777777778 0.22578125 0.04861111111111111
4 0.040234375 0.11736111111111111 0.02421875 0.043055555555555555
0 0.443359375 0.85625 0.05546875 0.16805555555555557