5 0.38046875 0.5375 0.0140625 0.025
4 0.937890625 0.9152777777777777 0.06484375 0.08888888888888889
3 0.569921875 0.33055555555555555 0.01171875 0.013888888888888888
6 0.576953125 0.30972222222222223 0.01640625 0.08611111111111111
0 0.482421875 0.3861111111111111 0.01796875 0.12777777777777777
0 0.443359375 0.3229166666666667 0.01953125 0.07916666666666666
0 0.430859375 0.3277777777777778 0.01484375 0.1
0 0.58515625 0.4076388888888889 0.0265625 0.14027777777777778
1 0.778125 0.4270833333333333 0.028125 0.15416666666666667
0 0.82421875 0.4083333333333333 0.034375 0.12777777777777777
0 0.6703125 0.4444444444444444 0.03125 0.13333333333333333
0 0.651953125 0.44027777777777777 0.03203125 0.1361111111111111
0 0.63671875 0.4666666666666667 0.0359375 0.17222222222222222
0 0.52421875 0.45625 0.028125 0.12361111111111112
0 0.43125 0.45208333333333334 0.0296875 0.12916666666666668
0 0.41640625 0.47291666666666665 0.0390625 0.15138888888888888
0 0.3515625 0.36527777777777776 0.025 0.1111111111111111
0 0.207421875 0.45416666666666666 0.03515625 0.1388888888888889
0 0.144921875 0.5069444444444444 0.05234375 0.125
0 0.063671875 0.4875 0.03046875 0.175
0 0.08359375 0.46111111111111114 0.034375 0.15833333333333333
4 0.18203125 0.11944444444444445 0.2265625 0.05277777777777778
4 0.041015625 0.11805555555555555 0.02265625 0.03611111111111111
2 0.27890625 0.3784722222222222 0.0265625 0.11527777777777778
7 0.920703125 0.4097222222222222 0.15859375 0.26944444444444443