4 0.9359375 0.9166666666666666 0.053125 0.08611111111111111
2 0.562890625 0.5638888888888889 0.02265625 0.1111111111111111
0 0.683984375 0.6236111111111111 0.03984375 0.14722222222222223
0 0.81015625 0.53125 0.034375 0.1125
0 0.776171875 0.4791666666666667 0.01953125 0.10555555555555556
0 0.79453125 0.47638888888888886 0.0296875 0.10277777777777777
0 0.6109375 0.4875 0.0234375 0.08888888888888889
3 0.599609375 0.4375 0.00546875 0.011111111111111112
0 0.607421875 0.45555555555555555 0.01171875 0.08888888888888889
0 0.550390625 0.48055555555555557 0.03828125 0.09166666666666666
0 0.447265625 0.5090277777777777 0.03203125 0.1125
0 0.435546875 0.5013888888888889 0.03203125 0.10555555555555556
0 0.339453125 0.47638888888888886 0.01953125 0.10277777777777777
0 0.275390625 0.5222222222222223 0.02109375 0.10833333333333334
0 0.290234375 0.47291666666666665 0.03046875 0.10694444444444444
4 0.18203125 0.11736111111111111 0.225 0.04583333333333333
4 0.04140625 0.11736111111111111 0.021875 0.04583333333333333
0 0.162890625 0.48680555555555555 0.03046875 0.12083333333333333
0 0.040234375 0.5006944444444444 0.01953125 0.1125
0 0.01015625 0.5076388888888889 0.0203125 0.1125