3 0.594140625 0.29305555555555557 0.01171875 0.016666666666666666
6 0.80546875 0.15 0.0203125 0.06111111111111111
0 0.915234375 0.3902777777777778 0.03515625 0.1361111111111111
0 0.944921875 0.5340277777777778 0.05859375 0.15138888888888888
0 0.825 0.39166666666666666 0.040625 0.13333333333333333
0 0.640625 0.27361111111111114 0.0390625 0.09722222222222222
0 0.568359375 0.2722222222222222 0.04140625 0.07777777777777778
0 0.5625 0.25625 0.05 0.09305555555555556
0 0.55234375 0.4236111111111111 0.0671875 0.14166666666666666
0 0.46015625 0.35208333333333336 0.0421875 0.14027777777777778
0 0.32734375 0.5201388888888889 0.0421875 0.15416666666666667
0 0.2515625 0.2604166666666667 0.0515625 0.10972222222222222
0 0.143359375 0.37222222222222223 0.03984375 0.12777777777777777
2 0.203125 0.3506944444444444 0.046875 0.12083333333333333
0 0.040234375 0.7194444444444444 0.05859375 0.19444444444444445