3 0.198828125 0.4708333333333333 0.00703125 0.011111111111111112
6 0.173828125 0.28958333333333336 0.00859375 0.029166666666666667
0 0.00859375 0.4166666666666667 0.0171875 0.044444444444444446
0 0.11328125 0.47430555555555554 0.0234375 0.05694444444444444
0 0.128125 0.4625 0.025 0.07222222222222222
0 0.181640625 0.36944444444444446 0.01328125 0.044444444444444446
0 0.21015625 0.42083333333333334 0.0125 0.044444444444444446
0 0.224609375 0.4111111111111111 0.01484375 0.06111111111111111
0 0.290234375 0.43472222222222223 0.02265625 0.058333333333333334
0 0.23515625 0.5423611111111111 0.0296875 0.07916666666666666
0 0.33828125 0.41944444444444445 0.015625 0.06111111111111111
0 0.3515625 0.34305555555555556 0.0109375 0.03888888888888889
0 0.40625 0.3763888888888889 0.0109375 0.04722222222222222
0 0.444140625 0.3729166666666667 0.01796875 0.04861111111111111
0 0.515625 0.5361111111111111 0.028125 0.075
2 0.565625 0.41458333333333336 0.0140625 0.05138888888888889
0 0.577734375 0.3951388888888889 0.01171875 0.059722222222222225
0 0.59296875 0.4375 0.021875 0.06111111111111111
0 0.658203125 0.36875 0.00859375 0.04027777777777778
0 0.69140625 0.4270833333333333 0.01875 0.05694444444444444
0 0.68984375 0.47847222222222224 0.0171875 0.07361111111111111
0 0.75390625 0.4395833333333333 0.015625 0.059722222222222225
0 0.78671875 0.4 0.009375 0.05555555555555555