3 0.64296875 0.6451388888888889 0.01875 0.02361111111111111
2 0.825390625 0.36041666666666666 0.02734375 0.09027777777777778
1 0.414453125 0.21180555555555555 0.02109375 0.0625
6 0.459765625 0.23958333333333334 0.01015625 0.0125
7 0.319140625 0.17569444444444443 0.12265625 0.09583333333333334
0 0.220703125 0.45069444444444445 0.03203125 0.10138888888888889
0 0.3234375 0.6763888888888889 0.0640625 0.15555555555555556
0 0.484765625 0.5215277777777778 0.05234375 0.10416666666666667
0 0.5765625 0.37777777777777777 0.01875 0.08611111111111111
0 0.59140625 0.3055555555555556 0.025 0.07777777777777778
0 0.637890625 0.3034722222222222 0.02265625 0.0875
0 0.65078125 0.35555555555555557 0.0234375 0.09444444444444444
0 0.7078125 0.25763888888888886 0.021875 0.07916666666666666
0 0.903515625 0.20416666666666666 0.01640625 0.058333333333333334
0 0.87109375 0.28888888888888886 0.0203125 0.07777777777777778
0 0.95078125 0.5513888888888889 0.0578125 0.12777777777777777
0 0.95078125 0.6027777777777777 0.0640625 0.1111111111111111
0 0.995703125 0.25972222222222224 0.00859375 0.075
6 0.6515625 0.13055555555555556 0.0203125 0.03888888888888889