5 0.553125 0.3611111111111111 0.00625 0.005555555555555556
1 0.437890625 0.3104166666666667 0.01328125 0.0625
6 0.9625 0.25625 0.01875 0.0625
7 0.442578125 0.28125 0.15078125 0.09861111111111111
2 0.44765625 0.4722222222222222 0.034375 0.09166666666666666
0 0.467578125 0.3840277777777778 0.01484375 0.07916666666666666
0 0.5875 0.45416666666666666 0.0171875 0.07777777777777778
0 0.604296875 0.44583333333333336 0.02421875 0.07222222222222222
0 0.396875 0.5319444444444444 0.0265625 0.1111111111111111
0 0.2984375 0.4638888888888889 0.03125 0.08055555555555556
0 0.134375 0.5486111111111112 0.0296875 0.09444444444444444
0 0.146875 0.5222222222222223 0.0296875 0.09722222222222222
0 0.04453125 0.43472222222222223 0.0375 0.08888888888888889
0 0.0078125 0.3923611111111111 0.015625 0.06805555555555555
0 0.475390625 0.5951388888888889 0.02734375 0.11527777777777778
0 0.5578125 0.65625 0.0390625 0.1375
0 0.799609375 0.6541666666666667 0.02421875 0.125
0 0.902734375 0.6388888888888888 0.04296875 0.13055555555555556
0 0.849609375 0.5520833333333334 0.03828125 0.11527777777777778
0 0.87734375 0.38680555555555557 0.03125 0.07083333333333333