5 0.31953125 0.14583333333333334 0.0046875 0.005555555555555556
3 0.244921875 0.8930555555555556 0.01328125 0.030555555555555555
6 0.4609375 0.04652777777777778 0.009375 0.029166666666666667
7 0.20703125 0.10347222222222222 0.0921875 0.08194444444444444
0 0.3 0.4305555555555556 0.046875 0.11666666666666667
0 0.242578125 0.7430555555555556 0.05546875 0.15555555555555556
0 0.303515625 0.6951388888888889 0.04609375 0.15138888888888888
0 0.396875 0.5972222222222222 0.0515625 0.15
0 0.530078125 0.4583333333333333 0.02578125 0.11388888888888889
0 0.63671875 0.4986111111111111 0.0296875 0.12222222222222222
0 0.743359375 0.48194444444444445 0.03828125 0.11666666666666667
2 0.777734375 0.39444444444444443 0.02734375 0.09722222222222222
0 0.87109375 0.2916666666666667 0.0296875 0.075
0 0.969921875 0.74375 0.04609375 0.16805555555555557
0 0.8734375 0.9256944444444445 0.0625 0.1486111111111111
0 0.615625 0.9277777777777778 0.128125 0.14444444444444443
0 0.5890625 0.2048611111111111 0.0203125 0.06805555555555555
0 0.5640625 0.22569444444444445 0.0234375 0.07361111111111111
0 0.52578125 0.22291666666666668 0.015625 0.07361111111111111
1 0.255078125 0.14583333333333334 0.01484375 0.044444444444444446