5 0.39609375 0.3548611111111111 0.0109375 0.0125
2 0.687890625 0.18819444444444444 0.02578125 0.11527777777777778
0 0.627734375 0.5923611111111111 0.05234375 0.2152777777777778
1 0.4265625 0.6611111111111111 0.053125 0.2361111111111111
0 0.298828125 0.6631944444444444 0.04140625 0.19583333333333333
0 0.326171875 0.5305555555555556 0.02890625 0.1527777777777778
0 0.387890625 0.5979166666666667 0.03828125 0.15694444444444444
0 0.4703125 0.5555555555555556 0.0421875 0.19166666666666668
0 0.46328125 0.5069444444444444 0.046875 0.12777777777777777
0 0.43671875 0.4736111111111111 0.0546875 0.14444444444444443
0 0.394921875 0.45694444444444443 0.03671875 0.15555555555555556
0 0.36953125 0.4534722222222222 0.0375 0.13472222222222222
0 0.35078125 0.42291666666666666 0.04375 0.13194444444444445
0 0.344140625 0.5229166666666667 0.04296875 0.15694444444444444
0 0.25625 0.34097222222222223 0.028125 0.15694444444444444
0 0.087109375 0.27291666666666664 0.03671875 0.12638888888888888
0 0.3828125 0.09305555555555556 0.0171875 0.09722222222222222
0 0.97890625 0.2263888888888889 0.025 0.11388888888888889
7 0.45625 0.7166666666666667 0.6703125 0.5444444444444444