3 0.458203125 0.8701388888888889 0.01015625 0.018055555555555554
2 0.82890625 0.5291666666666667 0.0234375 0.09444444444444444
1 0.48125 0.2743055555555556 0.0171875 0.06805555555555555
5 0.62265625 0.33125 0.00625 0.004166666666666667
7 0.42578125 0.24791666666666667 0.14375 0.12638888888888888
6 0.81328125 0.16041666666666668 0.0171875 0.05416666666666667
0 0.255859375 0.7284722222222222 0.02890625 0.12638888888888888
0 0.2703125 0.7027777777777777 0.0421875 0.12222222222222222
0 0.60546875 0.8715277777777778 0.0421875 0.1763888888888889
0 0.871484375 0.6583333333333333 0.03046875 0.11666666666666667
0 0.896484375 0.5326388888888889 0.02578125 0.10138888888888889
0 0.840234375 0.4673611111111111 0.02578125 0.08194444444444444
0 0.683203125 0.44930555555555557 0.02109375 0.0875
0 0.379296875 0.5361111111111111 0.01796875 0.09722222222222222
0 0.44375 0.5097222222222222 0.021875 0.07777777777777778
0 0.611328125 0.34375 0.01953125 0.0763888888888889
0 0.691796875 0.3416666666666667 0.01796875 0.07777777777777778
0 0.72734375 0.3034722222222222 0.015625 0.07361111111111111
0 0.795703125 0.30625 0.01640625 0.07916666666666666
0 0.806640625 0.28125 0.01484375 0.06527777777777778