3 0.661328125 0.48541666666666666 0.00546875 0.009722222222222222
5 0.6140625 0.5194444444444445 0.0046875 0.008333333333333333
1 0.7484375 0.4576388888888889 0.0140625 0.0625
7 0.791015625 0.44930555555555557 0.12578125 0.11527777777777778
6 0.460546875 0.36944444444444446 0.01953125 0.044444444444444446
0 0.383984375 0.9069444444444444 0.03828125 0.12222222222222222
0 0.319921875 0.7291666666666666 0.02734375 0.10555555555555556
0 0.340234375 0.6368055555555555 0.03984375 0.10138888888888889
0 0.077734375 0.7111111111111111 0.02421875 0.10277777777777777
0 0.0796875 0.6861111111111111 0.028125 0.08611111111111111
0 0.212109375 0.5291666666666667 0.01953125 0.075
0 0.208984375 0.47638888888888886 0.03046875 0.06944444444444445
0 0.14765625 0.4736111111111111 0.01875 0.058333333333333334
0 0.152734375 0.5201388888888889 0.02109375 0.06805555555555555