5 0.44609375 0.46597222222222223 0.009375 0.009722222222222222
3 0.71015625 0.4131944444444444 0.0078125 0.015277777777777777
6 0.694921875 0.23472222222222222 0.01640625 0.06666666666666667
1 0.26875 0.3861111111111111 0.01875 0.07222222222222222
7 0.16953125 0.3576388888888889 0.2015625 0.1763888888888889
0 0.373828125 0.5388888888888889 0.03515625 0.11388888888888889
0 0.473828125 0.47291666666666665 0.02421875 0.11805555555555555
0 0.608984375 0.3888888888888889 0.02265625 0.09444444444444444
0 0.631640625 0.44930555555555557 0.03359375 0.08472222222222223
0 0.685546875 0.4201388888888889 0.03046875 0.0875
0 0.696484375 0.49375 0.03046875 0.10972222222222222
0 0.759375 0.3763888888888889 0.034375 0.08333333333333333
0 0.534375 0.59375 0.025 0.13194444444444445
0 0.48671875 0.7361111111111112 0.04375 0.1527777777777778
0 0.96875 0.3763888888888889 0.0359375 0.08888888888888889
0 0.945703125 0.5673611111111111 0.03046875 0.11527777777777778
2 0.927734375 0.5027777777777778 0.03359375 0.11388888888888889