3 0.49296875 0.29097222222222224 0.009375 0.0125
6 0.598046875 0.28125 0.01171875 0.043055555555555555
6 0.70546875 0.46805555555555556 0.0078125 0.008333333333333333
1 0.4359375 0.4173611111111111 0.0265625 0.08472222222222223
2 0.8171875 0.6013888888888889 0.028125 0.11944444444444445
0 0.86328125 0.4263888888888889 0.028125 0.08055555555555556
0 0.79921875 0.6868055555555556 0.0265625 0.13472222222222222
0 0.6125 0.89375 0.059375 0.17916666666666667
0 0.585546875 0.55625 0.02265625 0.1125
0 0.595703125 0.4111111111111111 0.01171875 0.08611111111111111
0 0.591015625 0.41458333333333336 0.03203125 0.0875
0 0.55546875 0.4465277777777778 0.0171875 0.09305555555555556
0 0.53125 0.45555555555555555 0.0171875 0.1
0 0.52578125 0.43680555555555556 0.01875 0.09305555555555556
0 0.226953125 0.7770833333333333 0.05546875 0.1625
7 0.400390625 0.3972222222222222 0.12109375 0.16111111111111112
0 0.991015625 0.5326388888888889 0.01796875 0.1125