5 0.85234375 0.4270833333333333 0.0046875 0.006944444444444444
1 0.928515625 0.3923611111111111 0.01796875 0.0625
3 0.17734375 0.5138888888888888 0.00625 0.013888888888888888
2 0.46796875 0.4361111111111111 0.0140625 0.06666666666666667
6 0.710546875 0.28402777777777777 0.01015625 0.04027777777777778
7 0.98359375 0.35138888888888886 0.0328125 0.08333333333333333
0 0.984765625 0.6631944444444444 0.02890625 0.1125
0 0.908203125 0.6013888888888889 0.01953125 0.09166666666666666
0 0.81796875 0.6993055555555555 0.046875 0.0875
0 0.7828125 0.5472222222222223 0.0171875 0.06944444444444445
0 0.760546875 0.5895833333333333 0.01953125 0.08472222222222223
0 0.7203125 0.4930555555555556 0.025 0.08888888888888889
0 0.659765625 0.46111111111111114 0.01796875 0.075
0 0.63515625 0.5576388888888889 0.01875 0.09583333333333334
0 0.602734375 0.41805555555555557 0.01953125 0.058333333333333334
0 0.544921875 0.375 0.01484375 0.05
0 0.513671875 0.4486111111111111 0.01328125 0.06388888888888888
0 0.50859375 0.4465277777777778 0.0125 0.059722222222222225
0 0.493359375 0.40902777777777777 0.01484375 0.059722222222222225
0 0.483984375 0.37430555555555556 0.01328125 0.05694444444444444
0 0.4671875 0.38263888888888886 0.0125 0.059722222222222225
0 0.424609375 0.34305555555555556 0.01328125 0.05277777777777778
0 0.35 0.4895833333333333 0.015625 0.07083333333333333
0 0.155859375 0.4548611111111111 0.02421875 0.0763888888888889
0 0.219140625 0.6090277777777777 0.03203125 0.09305555555555556
0 0.91171875 0.8888888888888888 0.028125 0.125