5 0.530078125 0.42291666666666666 0.01015625 0.015277777777777777
3 0.524609375 0.575 0.01640625 0.030555555555555555
2 0.7453125 0.25416666666666665 0.0265625 0.12222222222222222
1 0.488671875 0.7395833333333334 0.08359375 0.16527777777777777
7 0.52734375 0.7708333333333334 0.5046875 0.37222222222222223
0 0.60390625 0.09375 0.025 0.08472222222222223
0 0.851953125 0.2722222222222222 0.02109375 0.10555555555555556
0 0.82109375 0.5506944444444445 0.028125 0.15416666666666667
0 0.748046875 0.5152777777777777 0.03359375 0.14166666666666666
0 0.722265625 0.6611111111111111 0.02890625 0.17777777777777778
0 0.706640625 0.6104166666666667 0.03671875 0.1625
0 0.67890625 0.5395833333333333 0.0390625 0.1486111111111111
0 0.6296875 0.6479166666666667 0.03125 0.1597222222222222
0 0.38828125 0.7201388888888889 0.0484375 0.1375
0 0.55390625 0.5166666666666667 0.034375 0.12777777777777777
0 0.52421875 0.5201388888888889 0.0296875 0.10138888888888889
0 0.48984375 0.5055555555555555 0.040625 0.13333333333333333
0 0.457421875 0.5145833333333333 0.04140625 0.14305555555555555
0 0.403125 0.4701388888888889 0.0453125 0.12638888888888888
0 0.255078125 0.48125 0.03828125 0.12638888888888888
0 0.219921875 0.4798611111111111 0.05703125 0.13194444444444445
0 0.53515625 0.017361111111111112 0.025 0.034722222222222224