3 0.756640625 0.6159722222222223 0.00859375 0.015277777777777777
2 0.56640625 0.6243055555555556 0.0203125 0.10972222222222222
5 0.423046875 0.4083333333333333 0.00546875 0.008333333333333333
1 0.24296875 0.3506944444444444 0.025 0.06527777777777778
7 0.202734375 0.32708333333333334 0.16640625 0.14305555555555555
6 0.61640625 0.22708333333333333 0.0171875 0.04583333333333333
0 0.675 0.3576388888888889 0.0171875 0.06805555555555555
0 0.595703125 0.36944444444444446 0.01640625 0.08333333333333333
0 0.54453125 0.3770833333333333 0.025 0.08194444444444444
0 0.4484375 0.4263888888888889 0.015625 0.08333333333333333
0 0.439453125 0.42777777777777776 0.01796875 0.09722222222222222
0 0.187890625 0.5944444444444444 0.02578125 0.07222222222222222
0 0.278515625 0.5243055555555556 0.02890625 0.09305555555555556
0 0.386328125 0.6270833333333333 0.01640625 0.10694444444444444
0 0.441015625 0.5631944444444444 0.03046875 0.1125
0 0.494921875 0.6423611111111112 0.02578125 0.12083333333333333
0 0.578515625 0.525 0.02109375 0.09722222222222222
0 0.6921875 0.5847222222222223 0.0265625 0.10277777777777777
0 0.742578125 0.5840277777777778 0.03671875 0.09583333333333334
0 0.97734375 0.4465277777777778 0.028125 0.09305555555555556
0 0.989453125 0.3506944444444444 0.02109375 0.07361111111111111
0 0.521484375 0.8618055555555556 0.03671875 0.15694444444444444