5 0.20859375 0.46319444444444446 0.009375 0.0125
3 0.328515625 0.47847222222222224 0.00859375 0.015277777777777777
1 0.09453125 0.42083333333333334 0.0265625 0.06944444444444445
2 0.692578125 0.5354166666666667 0.02578125 0.0875
6 0.39921875 0.2847222222222222 0.01875 0.041666666666666664
7 0.032421875 0.3770833333333333 0.06484375 0.12638888888888888
0 0.398828125 0.5423611111111111 0.04453125 0.09027777777777778
0 0.375390625 0.4215277777777778 0.01640625 0.07916666666666666
0 0.323046875 0.4513888888888889 0.01953125 0.08333333333333333
0 0.34453125 0.45 0.028125 0.06666666666666667
0 0.563671875 0.475 0.02109375 0.08888888888888889
0 0.630078125 0.45902777777777776 0.02890625 0.0875
0 0.696875 0.3993055555555556 0.0234375 0.0763888888888889
0 0.615234375 0.5993055555555555 0.03984375 0.10416666666666667
0 0.829296875 0.58125 0.02265625 0.09583333333333334
0 0.871484375 0.5402777777777777 0.02578125 0.10277777777777777
0 0.86640625 0.475 0.0171875 0.08888888888888889