5 0.860546875 0.4597222222222222 0.00546875 0.005555555555555556
1 0.899609375 0.41944444444444445 0.01484375 0.058333333333333334
7 0.990234375 0.3840277777777778 0.01953125 0.07361111111111111
3 0.293359375 0.4340277777777778 0.00703125 0.0125
1 0.483203125 0.4395833333333333 0.01171875 0.059722222222222225
0 0.375390625 0.36180555555555555 0.01171875 0.043055555555555555
0 0.3296875 0.4666666666666667 0.0125 0.06111111111111111
0 0.191015625 0.45555555555555555 0.02109375 0.06666666666666667
0 0.18203125 0.6097222222222223 0.021875 0.09166666666666666
0 0.457421875 0.39444444444444443 0.01328125 0.05555555555555555
0 0.4859375 0.38819444444444445 0.009375 0.059722222222222225
0 0.496484375 0.4097222222222222 0.01171875 0.05
0 0.512890625 0.3819444444444444 0.01484375 0.044444444444444446
0 0.57265625 0.41180555555555554 0.0140625 0.05138888888888889
0 0.6171875 0.4583333333333333 0.015625 0.06944444444444445
0 0.616796875 0.5347222222222222 0.01640625 0.08055555555555556
0 0.7046875 0.5027777777777778 0.01875 0.07777777777777778
0 0.71875 0.5208333333333334 0.0140625 0.08333333333333333
0 0.687109375 0.6020833333333333 0.01796875 0.07916666666666666
0 0.541015625 0.6381944444444444 0.04296875 0.08472222222222223
0 0.530078125 0.45902777777777776 0.01640625 0.06527777777777778
6 0.7171875 0.3159722222222222 0.009375 0.043055555555555555
0 0.4609375 0.44375 0.015625 0.0625
0 0.83828125 0.8743055555555556 0.034375 0.12361111111111112
0 0.95546875 0.6743055555555556 0.025 0.10972222222222222
0 0.859375 0.5930555555555556 0.0171875 0.08611111111111111