3 0.46796875 0.8791666666666667 0.0125 0.022222222222222223
1 0.671484375 0.5222222222222223 0.02734375 0.09722222222222222
2 0.226171875 0.3388888888888889 0.02109375 0.07222222222222222
5 0.374609375 0.3888888888888889 0.00703125 0.008333333333333333
6 0.56328125 0.2125 0.021875 0.044444444444444446
7 0.16015625 0.3076388888888889 0.153125 0.1375
0 0.013671875 0.7569444444444444 0.02734375 0.13333333333333333
0 0.175390625 0.59375 0.04609375 0.10416666666666667
0 0.471875 0.6145833333333334 0.0296875 0.09861111111111111
0 0.55234375 0.6291666666666667 0.046875 0.1111111111111111
0 0.41015625 0.41875 0.021875 0.10138888888888889
0 0.458984375 0.4097222222222222 0.01796875 0.08888888888888889
0 0.553125 0.35625 0.01875 0.08194444444444444
0 0.643359375 0.35208333333333336 0.01796875 0.0763888888888889
0 0.689453125 0.3236111111111111 0.02109375 0.06666666666666667
0 0.926953125 0.30625 0.02109375 0.06527777777777778
0 0.898828125 0.4083333333333333 0.02578125 0.08611111111111111
0 0.940625 0.5305555555555556 0.0234375 0.10277777777777777
0 0.88359375 0.575 0.028125 0.10833333333333334
0 0.78984375 0.48333333333333334 0.021875 0.09722222222222222
0 0.743359375 0.4736111111111111 0.03984375 0.08611111111111111
0 0.605078125 0.4777777777777778 0.02421875 0.08611111111111111
0 0.49375 0.8222222222222222 0.0359375 0.14722222222222223