3 0.634375 0.5055555555555555 0.0078125 0.013888888888888888
5 0.80390625 0.48194444444444445 0.00625 0.005555555555555556
1 0.584375 0.425 0.0265625 0.05277777777777778
7 0.593359375 0.3854166666666667 0.14765625 0.13194444444444445
0 0.5140625 0.4666666666666667 0.0234375 0.07222222222222222
0 0.72890625 0.4284722222222222 0.025 0.06805555555555555
0 0.62578125 0.4548611111111111 0.0296875 0.07083333333333333
0 0.653125 0.47152777777777777 0.0265625 0.0763888888888889
2 0.61328125 0.5868055555555556 0.025 0.09027777777777778
0 0.7140625 0.5819444444444445 0.03125 0.09166666666666666
0 0.844921875 0.68125 0.02421875 0.11527777777777778
0 0.93046875 0.8840277777777777 0.05625 0.15694444444444444
0 0.828515625 0.8256944444444444 0.04140625 0.14305555555555555
0 0.57109375 0.55625 0.025 0.09305555555555556
0 0.479296875 0.6631944444444444 0.02578125 0.10416666666666667
0 0.4078125 0.5048611111111111 0.025 0.07916666666666666
0 0.38671875 0.7 0.0359375 0.11666666666666667
0 0.2578125 0.5069444444444444 0.0234375 0.08333333333333333
0 0.20390625 0.5270833333333333 0.025 0.09305555555555556
0 0.228125 0.5763888888888888 0.01875 0.09722222222222222
0 0.086328125 0.6506944444444445 0.02265625 0.1125