5 0.8421875 0.4013888888888889 0.0078125 0.008333333333333333
3 0.53046875 0.5451388888888888 0.00625 0.015277777777777777
1 0.6125 0.33819444444444446 0.0234375 0.07361111111111111
2 0.7234375 0.5847222222222223 0.0296875 0.12222222222222222
7 0.610546875 0.3 0.16796875 0.14166666666666666
0 0.016015625 0.55625 0.03203125 0.11527777777777778
0 0.275 0.6756944444444445 0.0453125 0.12638888888888888
0 0.29140625 0.5708333333333333 0.025 0.12222222222222222
0 0.334375 0.5506944444444445 0.0234375 0.10694444444444444
0 0.48125 0.6416666666666667 0.028125 0.11388888888888889
0 0.50859375 0.7631944444444444 0.0421875 0.1486111111111111
0 0.64296875 0.6875 0.046875 0.13333333333333333
0 0.88984375 0.5826388888888889 0.03125 0.10694444444444444
0 0.887109375 0.49375 0.03203125 0.10694444444444444
0 0.93984375 0.40625 0.034375 0.09027777777777778
0 0.685546875 0.41944444444444445 0.02421875 0.09722222222222222
0 0.51484375 0.5270833333333333 0.04375 0.09583333333333334
0 0.528515625 0.51875 0.03046875 0.10138888888888889