3 0.2203125 0.7208333333333333 0.009375 0.019444444444444445
7 0.208984375 0.2847222222222222 0.11796875 0.10555555555555556
1 0.297265625 0.3090277777777778 0.01484375 0.059722222222222225
5 0.3703125 0.34097222222222223 0.0046875 0.009722222222222222
6 0.5109375 0.20416666666666666 0.0140625 0.03611111111111111
0 0.348828125 0.6895833333333333 0.03046875 0.10694444444444444
0 0.436328125 0.5597222222222222 0.03046875 0.1111111111111111
0 0.463671875 0.6576388888888889 0.04609375 0.10416666666666667
0 0.697265625 0.6118055555555556 0.03671875 0.10138888888888889
0 0.74453125 0.3861111111111111 0.0328125 0.06666666666666667
0 0.748046875 0.3375 0.01953125 0.058333333333333334
0 0.875 0.30416666666666664 0.03125 0.06944444444444445
0 0.88359375 0.44513888888888886 0.0296875 0.08194444444444444
0 0.95 0.40208333333333335 0.0375 0.07083333333333333