3 0.13359375 0.6708333333333333 0.009375 0.013888888888888888
6 0.027734375 0.6048611111111111 0.05546875 0.10972222222222222
0 0.187890625 0.5979166666666667 0.03828125 0.059722222222222225
0 0.2484375 0.6083333333333333 0.0328125 0.05
0 0.5484375 0.6270833333333333 0.0171875 0.1125
0 0.504296875 0.7388888888888889 0.02734375 0.1388888888888889
0 0.5734375 0.6909722222222222 0.0296875 0.12361111111111112
1 0.7703125 0.4048611111111111 0.0203125 0.0763888888888889
2 0.83515625 0.64375 0.0328125 0.11527777777777778
0 0.7765625 0.7416666666666667 0.0359375 0.12777777777777777
0 0.826953125 0.6979166666666666 0.03359375 0.10972222222222222
5 0.9625 0.4840277777777778 0.0078125 0.009722222222222222
0 0.994140625 0.4305555555555556 0.01171875 0.08055555555555556
0 0.919921875 0.46875 0.02421875 0.08194444444444444
0 0.91953125 0.42430555555555555 0.021875 0.06805555555555555
0 0.81484375 0.4736111111111111 0.021875 0.1
7 0.73828125 0.3840277777777778 0.1625 0.13194444444444445