3 0.5859375 0.7451388888888889 0.0125 0.020833333333333332
5 0.572265625 0.4048611111111111 0.00703125 0.009722222222222222
2 0.66875 0.5645833333333333 0.0328125 0.10138888888888889
1 0.37265625 0.3416666666666667 0.0265625 0.08611111111111111
6 0.801953125 0.1986111111111111 0.02109375 0.06388888888888888
7 0.333984375 0.30625 0.17421875 0.15138888888888888
0 0.053515625 0.7715277777777778 0.03984375 0.15416666666666667
0 0.183984375 0.7472222222222222 0.04140625 0.1361111111111111
0 0.16328125 0.5965277777777778 0.04375 0.12916666666666668
0 0.29140625 0.5486111111111112 0.0234375 0.10833333333333334
0 0.36640625 0.5611111111111111 0.0296875 0.08055555555555556
0 0.60703125 0.73125 0.04375 0.14027777777777778
0 0.82109375 0.9604166666666667 0.0421875 0.07916666666666666
0 0.81796875 0.5097222222222222 0.025 0.11388888888888889
0 0.63671875 0.33611111111111114 0.01875 0.07222222222222222
0 0.592578125 0.3402777777777778 0.02890625 0.09166666666666666
0 0.50078125 0.3861111111111111 0.028125 0.08333333333333333
0 0.459375 0.40625 0.0296875 0.0763888888888889
0 0.445703125 0.4722222222222222 0.01640625 0.09444444444444444
0 0.425 0.4048611111111111 0.0265625 0.09027777777777778