5 0.66875 0.45694444444444443 0.0046875 0.005555555555555556
6 0.60078125 0.3347222222222222 0.0078125 0.030555555555555555
6 0.11328125 0.7965277777777777 0.0578125 0.11805555555555555
0 0.152734375 0.8138888888888889 0.02578125 0.12222222222222222
0 0.3796875 0.6423611111111112 0.0234375 0.0875
0 0.4359375 0.7826388888888889 0.025 0.11527777777777778
2 0.796484375 0.48541666666666666 0.01328125 0.07083333333333333
0 0.7734375 0.5055555555555555 0.0171875 0.075
0 0.71953125 0.4263888888888889 0.0171875 0.05
0 0.701171875 0.43680555555555556 0.02109375 0.04027777777777778
0 0.6859375 0.43333333333333335 0.0109375 0.04722222222222222
0 0.68828125 0.42430555555555555 0.0125 0.05138888888888889
0 0.696875 0.41597222222222224 0.0171875 0.0375
0 0.675 0.41805555555555557 0.01875 0.04722222222222222
0 0.66328125 0.4173611111111111 0.00625 0.04583333333333333
0 0.65546875 0.4222222222222222 0.0171875 0.05555555555555555
0 0.612890625 0.4215277777777778 0.01015625 0.05138888888888889
0 0.585546875 0.4354166666666667 0.01953125 0.05138888888888889
0 0.585546875 0.4131944444444444 0.01015625 0.04027777777777778
0 0.56484375 0.4326388888888889 0.0109375 0.04861111111111111
0 0.509375 0.4340277777777778 0.0125 0.04861111111111111
1 0.512890625 0.42291666666666666 0.00859375 0.043055555555555555
0 0.514453125 0.4152777777777778 0.01640625 0.05
7 0.47578125 0.41041666666666665 0.075 0.10416666666666667