5 0.875390625 0.6506944444444445 0.01328125 0.015277777777777777
3 0.410546875 0.5930555555555556 0.01328125 0.022222222222222223
1 0.465625 0.4708333333333333 0.0296875 0.16944444444444445
7 0.398828125 0.44722222222222224 0.34609375 0.28888888888888886
0 0.380859375 0.5256944444444445 0.02734375 0.17083333333333334
0 0.436328125 0.5229166666666667 0.02890625 0.1763888888888889
0 0.54609375 0.4652777777777778 0.03125 0.14444444444444443
0 0.4984375 0.5416666666666666 0.0265625 0.16111111111111112
0 0.515234375 0.5576388888888889 0.03359375 0.15416666666666667
0 0.59609375 0.5118055555555555 0.034375 0.16527777777777777
0 0.61796875 0.45694444444444443 0.025 0.13055555555555556
0 0.641015625 0.5180555555555556 0.02421875 0.16111111111111112
0 0.723828125 0.5013888888888889 0.02734375 0.16111111111111112
0 0.77890625 0.41944444444444445 0.0421875 0.1361111111111111
0 0.927734375 0.3368055555555556 0.03359375 0.13472222222222222
0 0.8265625 0.4166666666666667 0.0265625 0.14722222222222223
0 0.832421875 0.3840277777777778 0.06484375 0.14305555555555555
0 0.8359375 0.4791666666666667 0.0421875 0.15833333333333333
0 0.74921875 0.6486111111111111 0.05625 0.17222222222222222
0 0.862109375 0.7847222222222222 0.04140625 0.19722222222222222
0 0.48671875 0.8097222222222222 0.04375 0.20555555555555555