3 0.1765625 0.5930555555555556 0.00625 0.016666666666666666
6 0.176953125 0.5090277777777777 0.04453125 0.07361111111111111
0 0.1734375 0.6083333333333333 0.0265625 0.10555555555555556
0 0.428125 0.5618055555555556 0.028125 0.09027777777777778
0 0.43828125 0.5215277777777778 0.021875 0.09861111111111111
2 0.664453125 0.5534722222222223 0.02421875 0.09583333333333334
1 0.79453125 0.35694444444444445 0.0109375 0.075
7 0.776171875 0.3333333333333333 0.13515625 0.11666666666666667
5 0.972265625 0.4201388888888889 0.00703125 0.006944444444444444
0 0.877734375 0.7958333333333333 0.04453125 0.14722222222222223
0 0.65625 0.6104166666666667 0.0203125 0.09027777777777778
0 0.590625 0.5583333333333333 0.0203125 0.09166666666666666
0 0.58125 0.6020833333333333 0.0203125 0.10972222222222222
0 0.52890625 0.46805555555555556 0.0203125 0.08055555555555556