4 0.93671875 0.9145833333333333 0.053125 0.07916666666666666
4 0.180859375 0.11666666666666667 0.22578125 0.05
4 0.04140625 0.12013888888888889 0.0203125 0.04027777777777778
6 0.28671875 0.3055555555555556 0.0109375 0.03888888888888889
1 0.58671875 0.38958333333333334 0.015625 0.05694444444444444
7 0.61171875 0.36736111111111114 0.1265625 0.09861111111111111
2 0.43984375 0.7770833333333333 0.021875 0.10972222222222222
0 0.421875 0.7958333333333333 0.01875 0.11666666666666667
0 0.477734375 0.6722222222222223 0.02890625 0.12222222222222222
0 0.234765625 0.7847222222222222 0.03046875 0.11944444444444445
0 0.17265625 0.4618055555555556 0.0171875 0.06527777777777778
0 0.210546875 0.4305555555555556 0.01015625 0.07222222222222222
0 0.22421875 0.43680555555555556 0.0125 0.0625
0 0.29453125 0.41388888888888886 0.0171875 0.06944444444444445
0 0.3078125 0.4305555555555556 0.0109375 0.058333333333333334
0 0.33359375 0.46805555555555556 0.021875 0.075
0 0.4109375 0.4534722222222222 0.01875 0.06527777777777778
0 0.40390625 0.43819444444444444 0.0125 0.0625
0 0.390234375 0.4340277777777778 0.01171875 0.06527777777777778
0 0.378125 0.44722222222222224 0.0109375 0.06388888888888888
0 0.376171875 0.4270833333333333 0.01171875 0.059722222222222225
0 0.361328125 0.42569444444444443 0.01796875 0.06805555555555555
0 0.34140625 0.4173611111111111 0.015625 0.0625
0 0.32734375 0.4152777777777778 0.015625 0.06388888888888888
0 0.310546875 0.4125 0.01171875 0.058333333333333334