4 0.9375 0.9138888888888889 0.0515625 0.07777777777777778
1 0.840234375 0.37777777777777777 0.02109375 0.12222222222222222
7 0.86953125 0.35555555555555557 0.2609375 0.2111111111111111
3 0.5359375 0.49375 0.0109375 0.02361111111111111
0 0.530859375 0.4388888888888889 0.02890625 0.12222222222222222
4 0.1828125 0.11875 0.2234375 0.043055555555555555
4 0.03984375 0.11805555555555555 0.0234375 0.03611111111111111
6 0.1828125 0.21041666666666667 0.034375 0.09583333333333334
2 0.394921875 0.41944444444444445 0.03359375 0.125
0 0.048046875 0.56875 0.04296875 0.14305555555555555
0 0.09453125 0.4284722222222222 0.01875 0.11527777777777778
0 0.119140625 0.43472222222222223 0.02578125 0.13333333333333333
0 0.145703125 0.4097222222222222 0.01796875 0.11388888888888889
0 0.16640625 0.4173611111111111 0.0296875 0.13472222222222222
0 0.127734375 0.7631944444444444 0.03515625 0.18194444444444444
0 0.233984375 0.5180555555555556 0.01953125 0.14444444444444443
0 0.24375 0.5513888888888889 0.015625 0.13333333333333333
0 0.272265625 0.5555555555555556 0.02734375 0.1388888888888889
0 0.3546875 0.5645833333333333 0.0375 0.15138888888888888
0 0.4234375 0.5368055555555555 0.0421875 0.14583333333333334
0 0.51640625 0.5763888888888888 0.0265625 0.12777777777777777
0 0.529296875 0.55625 0.02890625 0.11805555555555555
0 0.547265625 0.6125 0.04296875 0.14444444444444443
0 0.575390625 0.5708333333333333 0.02578125 0.13333333333333333