4 0.937890625 0.9159722222222222 0.06015625 0.0763888888888889
4 0.183203125 0.11666666666666667 0.22421875 0.04722222222222222
4 0.040234375 0.11597222222222223 0.02109375 0.034722222222222224
1 0.449609375 0.2791666666666667 0.01484375 0.06111111111111111
7 0.398046875 0.25 0.10859375 0.1
6 0.71484375 0.19583333333333333 0.009375 0.041666666666666664
2 0.653515625 0.44166666666666665 0.02421875 0.08055555555555556
0 0.719140625 0.45416666666666666 0.01796875 0.08333333333333333
0 0.89375 0.4388888888888889 0.021875 0.08055555555555556
0 0.9109375 0.32916666666666666 0.025 0.06666666666666667
0 0.347265625 0.6402777777777777 0.03671875 0.11666666666666667
0 0.34453125 0.6027777777777777 0.021875 0.10277777777777777
0 0.295703125 0.4527777777777778 0.02265625 0.09444444444444444
0 0.395703125 0.4354166666666667 0.02421875 0.06805555555555555
0 0.52578125 0.4222222222222222 0.015625 0.07777777777777778
0 0.590625 0.4340277777777778 0.01875 0.0763888888888889
0 0.573828125 0.38333333333333336 0.01796875 0.06944444444444445
0 0.55 0.3506944444444444 0.0140625 0.07361111111111111
0 0.701171875 0.3645833333333333 0.01484375 0.059722222222222225
0 0.68125 0.33125 0.0125 0.06527777777777778
0 0.65859375 0.32708333333333334 0.0078125 0.07083333333333333
0 0.65 0.3326388888888889 0.009375 0.07083333333333333
0 0.6265625 0.3173611111111111 0.0171875 0.05694444444444444
0 0.620703125 0.3368055555555556 0.02109375 0.06805555555555555
0 0.378125 0.8583333333333333 0.03125 0.14166666666666666