4 0.9375 0.9152777777777777 0.053125 0.07777777777777778
4 0.184375 0.11805555555555555 0.225 0.03888888888888889
4 0.040234375 0.11597222222222223 0.02421875 0.0375
1 0.6390625 0.47847222222222224 0.025 0.06527777777777778
2 0.768359375 0.5673611111111111 0.02109375 0.08472222222222223
0 0.56953125 0.5451388888888888 0.0265625 0.0625
0 0.5828125 0.5083333333333333 0.0140625 0.06388888888888888
0 0.93046875 0.6423611111111112 0.021875 0.07361111111111111
0 0.89375 0.5361111111111111 0.0171875 0.08055555555555556
0 0.861328125 0.49444444444444446 0.01640625 0.06666666666666667
0 0.841796875 0.49027777777777776 0.01796875 0.05277777777777778
0 0.836328125 0.5090277777777777 0.01953125 0.06805555555555555
0 0.82265625 0.5201388888888889 0.0140625 0.059722222222222225
0 0.78671875 0.5097222222222222 0.0140625 0.05555555555555555
0 0.73359375 0.5090277777777777 0.0234375 0.0625
0 0.71484375 0.4777777777777778 0.015625 0.05
0 0.71015625 0.5104166666666666 0.025 0.04861111111111111
0 0.696875 0.49583333333333335 0.0234375 0.06666666666666667
0 0.675390625 0.5076388888888889 0.01484375 0.05416666666666667
0 0.66953125 0.5069444444444444 0.0140625 0.06388888888888888
0 0.663671875 0.5215277777777778 0.01953125 0.06527777777777778
7 0.616015625 0.45902777777777776 0.12578125 0.1125