4 0.93984375 0.9159722222222222 0.0578125 0.08194444444444444
4 0.18203125 0.11597222222222223 0.2265625 0.04583333333333333
4 0.040234375 0.11736111111111111 0.02421875 0.04027777777777778
6 0.135546875 0.22013888888888888 0.02578125 0.10138888888888889
3 0.49296875 0.4986111111111111 0.0078125 0.019444444444444445
1 0.8046875 0.36527777777777776 0.03125 0.1361111111111111
7 0.83046875 0.35625 0.2671875 0.2263888888888889
0 0.48828125 0.4513888888888889 0.03125 0.12777777777777777
0 0.58203125 0.6020833333333333 0.028125 0.14027777777777778
0 0.535546875 0.5854166666666667 0.01953125 0.14027777777777778
0 0.51171875 0.5715277777777777 0.028125 0.14583333333333334
0 0.418359375 0.6270833333333333 0.04296875 0.16805555555555557
2 0.215234375 0.4166666666666667 0.02578125 0.125
0 0.348828125 0.6375 0.03515625 0.15555555555555556
0 0.280859375 0.5444444444444444 0.04453125 0.1388888888888889
0 0.221484375 0.5458333333333333 0.03828125 0.15
0 0.1828125 0.5513888888888889 0.034375 0.12777777777777777
0 0.164453125 0.5388888888888889 0.03828125 0.1527777777777778
0 0.083984375 0.8013888888888889 0.04296875 0.11388888888888889
0 0.037109375 0.4965277777777778 0.02421875 0.14027777777777778
0 0.094140625 0.4375 0.01796875 0.13333333333333333
0 0.108984375 0.43333333333333335 0.01796875 0.11666666666666667
0 0.1140625 0.4152777777777778 0.0171875 0.125
0 0.128125 0.4215277777777778 0.0234375 0.13194444444444445