4 0.93828125 0.9159722222222222 0.0578125 0.09027777777777778
3 0.5125 0.4826388888888889 0.009375 0.018055555555555554
2 0.38046875 0.38472222222222224 0.021875 0.13055555555555556
1 0.80234375 0.36944444444444446 0.03125 0.1361111111111111
7 0.8484375 0.3333333333333333 0.2734375 0.23055555555555557
4 0.182421875 0.11736111111111111 0.22421875 0.043055555555555555
4 0.041015625 0.11597222222222223 0.02734375 0.029166666666666667
6 0.153125 0.2 0.021875 0.08333333333333333
0 0.058984375 0.475 0.02890625 0.11666666666666667
0 0.091015625 0.39444444444444443 0.03046875 0.13055555555555556
0 0.112890625 0.4215277777777778 0.01953125 0.12638888888888888
0 0.13671875 0.4048611111111111 0.0265625 0.12916666666666668
0 0.147265625 0.40069444444444446 0.02109375 0.11805555555555555
0 0.1859375 0.4951388888888889 0.0296875 0.1486111111111111
0 0.199609375 0.53125 0.02890625 0.13194444444444445
0 0.20078125 0.5041666666666667 0.0203125 0.12222222222222222
0 0.2875 0.5361111111111111 0.0375 0.14722222222222223
0 0.35703125 0.6076388888888888 0.03125 0.1597222222222222
0 0.437109375 0.6041666666666666 0.04296875 0.175
0 0.50546875 0.4388888888888889 0.03125 0.14444444444444443
0 0.528125 0.5645833333333333 0.025 0.17083333333333334
0 0.553515625 0.56875 0.02265625 0.15416666666666667
0 0.59453125 0.5986111111111111 0.03125 0.15833333333333333
0 0.10546875 0.7798611111111111 0.0484375 0.10972222222222222