4 0.940625 0.9159722222222222 0.0546875 0.0763888888888889
3 0.22109375 0.7645833333333333 0.009375 0.018055555555555554
0 0.223828125 0.8305555555555556 0.03828125 0.15
4 0.04296875 0.11527777777777778 0.0234375 0.03611111111111111
4 0.18203125 0.11736111111111111 0.228125 0.05416666666666667
6 0.559375 0.26875 0.0140625 0.0375
1 0.317578125 0.35208333333333336 0.01640625 0.05694444444444444
7 0.27890625 0.3229166666666667 0.1109375 0.09583333333333334
0 0.194140625 0.5444444444444444 0.01484375 0.08333333333333333
0 0.284375 0.6104166666666667 0.0234375 0.09027777777777778
0 0.430078125 0.68125 0.02734375 0.09305555555555556
2 0.505078125 0.5368055555555555 0.01640625 0.08472222222222223
0 0.53671875 0.5701388888888889 0.0140625 0.09305555555555556
0 0.60859375 0.49166666666666664 0.021875 0.075
0 0.702734375 0.5375 0.02734375 0.09444444444444444
0 0.73046875 0.4618055555555556 0.0171875 0.0875
0 0.73828125 0.6805555555555556 0.0359375 0.11944444444444445
0 0.917578125 0.39861111111111114 0.01328125 0.06388888888888888
0 0.566015625 0.375 0.01171875 0.058333333333333334
0 0.482421875 0.41458333333333336 0.01015625 0.06527777777777778
0 0.470703125 0.4083333333333333 0.01640625 0.06111111111111111
0 0.44296875 0.44583333333333336 0.0109375 0.06388888888888888
0 0.38203125 0.44583333333333336 0.0140625 0.07222222222222222
0 0.351171875 0.5416666666666666 0.03046875 0.08611111111111111
0 0.325 0.5402777777777777 0.0234375 0.08055555555555556
0 0.649609375 0.9305555555555556 0.03828125 0.1388888888888889
0 0.96171875 0.7729166666666667 0.025 0.13472222222222222