4 0.937109375 0.91875 0.04765625 0.07361111111111111
6 0.669140625 0.21458333333333332 0.01640625 0.04027777777777778
4 0.183203125 0.11597222222222223 0.22421875 0.04583333333333333
4 0.041015625 0.11944444444444445 0.02578125 0.041666666666666664
1 0.398828125 0.3013888888888889 0.01328125 0.06388888888888888
7 0.35234375 0.26805555555555555 0.115625 0.10277777777777777
0 0.26171875 0.5027777777777778 0.028125 0.08611111111111111
0 0.260546875 0.6208333333333333 0.03515625 0.1111111111111111
0 0.251953125 0.6027777777777777 0.02578125 0.11388888888888889
0 0.344140625 0.5076388888888889 0.02265625 0.08472222222222223
0 0.394921875 0.4583333333333333 0.02265625 0.06944444444444445
0 0.424609375 0.40069444444444446 0.01953125 0.07916666666666666
0 0.43046875 0.5409722222222222 0.0171875 0.09027777777777778
0 0.558984375 0.5555555555555556 0.01796875 0.10555555555555556
2 0.640625 0.4166666666666667 0.021875 0.08611111111111111
0 0.6203125 0.3611111111111111 0.0171875 0.06388888888888888
0 0.5890625 0.3416666666666667 0.0109375 0.06111111111111111
0 0.580859375 0.34305555555555556 0.01796875 0.041666666666666664
0 0.883984375 0.4423611111111111 0.01796875 0.0763888888888889
0 0.987109375 0.35833333333333334 0.01484375 0.06944444444444445
0 0.988671875 0.4486111111111111 0.02265625 0.09722222222222222
0 0.916015625 0.6402777777777777 0.02890625 0.1361111111111111
0 0.8125 0.6222222222222222 0.025 0.10833333333333334
0 0.60234375 0.8527777777777777 0.025 0.14444444444444443
0 0.318359375 0.8736111111111111 0.04140625 0.1361111111111111