4 0.938671875 0.9145833333333333 0.06015625 0.0875
4 0.182421875 0.11666666666666667 0.22421875 0.04722222222222222
4 0.03984375 0.11736111111111111 0.025 0.034722222222222224
6 0.373046875 0.06180555555555556 0.01484375 0.043055555555555555
1 0.14609375 0.18055555555555555 0.0203125 0.07222222222222222
7 0.0578125 0.13055555555555556 0.115625 0.11388888888888889
0 0.560546875 0.19722222222222222 0.02265625 0.06944444444444445
2 0.478515625 0.37222222222222223 0.02890625 0.09166666666666666
0 0.425390625 0.2673611111111111 0.02265625 0.08194444444444444
3 0.658984375 0.7736111111111111 0.01328125 0.016666666666666666
0 0.615625 0.6444444444444445 0.04375 0.1111111111111111
0 0.589453125 0.6277777777777778 0.03359375 0.11388888888888889
0 0.41484375 0.7798611111111111 0.0703125 0.10694444444444444
0 0.1734375 0.7763888888888889 0.0390625 0.15555555555555556
0 0.375390625 0.6097222222222223 0.02578125 0.13333333333333333
0 0.40625 0.5694444444444444 0.03125 0.10833333333333334
0 0.37421875 0.4986111111111111 0.0265625 0.09722222222222222
0 0.0953125 0.5034722222222222 0.04375 0.10694444444444444
0 0.176953125 0.4388888888888889 0.03515625 0.1
0 0.21875 0.3798611111111111 0.0265625 0.0875
0 0.277734375 0.32916666666666666 0.02421875 0.08333333333333333
0 0.31953125 0.30486111111111114 0.0234375 0.0875
0 0.8515625 0.175 0.0140625 0.06111111111111111
0 0.855078125 0.3215277777777778 0.02265625 0.09027777777777778
0 0.9859375 0.6569444444444444 0.028125 0.125
0 0.8328125 0.9076388888888889 0.0484375 0.18472222222222223