3 0.721484375 0.8409722222222222 0.01171875 0.018055555555555554
4 0.937890625 0.9159722222222222 0.05546875 0.07916666666666666
4 0.183203125 0.11875 0.22578125 0.04583333333333333
4 0.040625 0.11805555555555555 0.0234375 0.030555555555555555
3 0.120703125 0.38333333333333336 0.00546875 0.011111111111111112
7 0.237890625 0.32222222222222224 0.11953125 0.09722222222222222
6 0.54296875 0.2423611111111111 0.0171875 0.034722222222222224
5 0.3875 0.3909722222222222 0.0078125 0.006944444444444444
1 0.3375 0.35347222222222224 0.0203125 0.05416666666666667
2 0.65234375 0.40208333333333335 0.015625 0.059722222222222225
0 0.575390625 0.6673611111111111 0.02421875 0.08194444444444444
0 0.61640625 0.43819444444444444 0.0125 0.0763888888888889
0 0.640625 0.34791666666666665 0.0140625 0.04861111111111111
0 0.6234375 0.35625 0.0078125 0.05416666666666667
0 0.6140625 0.3541666666666667 0.0140625 0.05555555555555555
0 0.60078125 0.36319444444444443 0.0171875 0.05138888888888889
0 0.594140625 0.4 0.01328125 0.058333333333333334
0 0.58828125 0.3729166666666667 0.0140625 0.05416666666666667
0 0.5765625 0.39305555555555555 0.0109375 0.05555555555555555
0 0.56875 0.3819444444444444 0.0171875 0.05555555555555555
0 0.552734375 0.38958333333333334 0.01484375 0.05416666666666667
0 0.533984375 0.39444444444444443 0.01171875 0.05277777777777778
0 0.523046875 0.39791666666666664 0.01171875 0.05694444444444444
0 0.51015625 0.3972222222222222 0.0140625 0.058333333333333334
0 0.490234375 0.4263888888888889 0.01484375 0.06111111111111111
0 0.690625 0.8520833333333333 0.025 0.12083333333333333
0 0.387890625 0.44722222222222224 0.01328125 0.075