6 0.13515625 0.4201388888888889 0.0375 0.0875
4 0.182421875 0.11805555555555555 0.22265625 0.044444444444444446
4 0.041015625 0.11805555555555555 0.02421875 0.03611111111111111
4 0.937890625 0.91875 0.05546875 0.0875
2 0.911328125 0.46458333333333335 0.02265625 0.1125
1 0.818359375 0.2708333333333333 0.01953125 0.08333333333333333
7 0.810546875 0.22291666666666668 0.16484375 0.12638888888888888
3 0.653125 0.2847222222222222 0.0078125 0.011111111111111112
0 0.569140625 0.7486111111111111 0.04140625 0.13055555555555556
0 0.6671875 0.4798611111111111 0.028125 0.09583333333333334
0 0.715625 0.44027777777777777 0.01875 0.10277777777777777
0 0.659375 0.34930555555555554 0.01875 0.08472222222222223
0 0.672265625 0.3368055555555556 0.01796875 0.08194444444444444
0 0.7640625 0.32083333333333336 0.01875 0.08055555555555556
0 0.77109375 0.34305555555555556 0.0234375 0.08055555555555556
0 0.78828125 0.38125 0.0265625 0.07916666666666666
0 0.8296875 0.37083333333333335 0.025 0.08611111111111111
0 0.89921875 0.31875 0.01875 0.0763888888888889
0 0.947265625 0.3527777777777778 0.02265625 0.09166666666666666
0 0.93984375 0.27708333333333335 0.0171875 0.0763888888888889
0 0.9234375 0.27847222222222223 0.021875 0.0763888888888889