5 0.5453125 0.46805555555555556 0.009375 0.011111111111111112
3 0.35390625 0.5979166666666667 0.009375 0.0125
4 0.18203125 0.11666666666666667 0.228125 0.05277777777777778
4 0.040234375 0.11597222222222223 0.02734375 0.034722222222222224
6 0.27109375 0.21736111111111112 0.025 0.07083333333333333
2 0.0890625 0.4583333333333333 0.0265625 0.10833333333333334
0 0.02109375 0.49236111111111114 0.025 0.10694444444444444
0 0.051171875 0.3375 0.02421875 0.10277777777777777
0 0.234765625 0.34305555555555556 0.02421875 0.1
0 0.242578125 0.39861111111111114 0.01796875 0.09722222222222222
0 0.193359375 0.5569444444444445 0.02734375 0.13333333333333333
0 0.216015625 0.6472222222222223 0.02734375 0.13055555555555556
0 0.319921875 0.38680555555555557 0.03046875 0.09305555555555556
0 0.358984375 0.5104166666666666 0.03671875 0.09027777777777778
0 0.35859375 0.5819444444444445 0.034375 0.13055555555555556
0 0.3984375 0.5833333333333334 0.0375 0.13055555555555556
0 0.4578125 0.6375 0.021875 0.12777777777777777
0 0.628515625 0.5770833333333333 0.02265625 0.10694444444444444
0 0.841796875 0.6798611111111111 0.02890625 0.15694444444444444
0 0.61640625 0.5 0.0296875 0.1111111111111111
0 0.482421875 0.4722222222222222 0.02578125 0.09444444444444444
0 0.4484375 0.4701388888888889 0.0203125 0.10416666666666667
0 0.446875 0.42916666666666664 0.01875 0.10833333333333334
0 0.4640625 0.42430555555555555 0.025 0.09583333333333334
1 0.735546875 0.3798611111111111 0.03203125 0.08194444444444444
7 0.80703125 0.33402777777777776 0.2078125 0.17916666666666667
4 0.9390625 0.9152777777777777 0.0546875 0.08055555555555556