3 0.704296875 0.4965277777777778 0.01328125 0.0125
4 0.93671875 0.9173611111111111 0.053125 0.07916666666666666
4 0.040625 0.11527777777777778 0.028125 0.03611111111111111
4 0.181640625 0.11736111111111111 0.22421875 0.04861111111111111
6 0.42265625 0.21388888888888888 0.0234375 0.06111111111111111
5 0.187890625 0.4388888888888889 0.00859375 0.008333333333333333
2 0.246484375 0.6875 0.04296875 0.125
1 0.00859375 0.37222222222222223 0.0171875 0.08888888888888889
7 0.019921875 0.3145833333333333 0.03984375 0.12083333333333333
0 0.806640625 0.41805555555555557 0.03671875 0.09444444444444444
0 0.608984375 0.4666666666666667 0.02890625 0.08333333333333333
0 0.6078125 0.525 0.0328125 0.09722222222222222
0 0.4625 0.37222222222222223 0.03125 0.075
0 0.436328125 0.4708333333333333 0.04453125 0.09722222222222222
0 0.38203125 0.3736111111111111 0.0234375 0.08333333333333333
0 0.35546875 0.43333333333333335 0.0328125 0.09444444444444444
0 0.347265625 0.46875 0.02109375 0.09861111111111111
0 0.31953125 0.41597222222222224 0.0359375 0.0875
0 0.266015625 0.45555555555555555 0.01953125 0.08888888888888889
0 0.244921875 0.4534722222222222 0.02421875 0.0875
0 0.308984375 0.65 0.04453125 0.11666666666666667
0 0.2015625 0.61875 0.040625 0.1125
0 0.09453125 0.54375 0.0375 0.10138888888888889
0 0.12109375 0.44513888888888886 0.025 0.10694444444444444
0 0.083984375 0.5006944444444444 0.03828125 0.10694444444444444