5 0.54140625 0.6152777777777778 0.0109375 0.011111111111111112
1 0.381640625 0.48819444444444443 0.02734375 0.09027777777777778
3 0.695703125 0.35555555555555557 0.00859375 0.016666666666666666
6 0.886328125 0.29930555555555555 0.02109375 0.09305555555555556
3 0.84453125 0.325 0.0078125 0.013888888888888888
0 0.980078125 0.5715277777777777 0.03828125 0.1375
0 0.83984375 0.5555555555555556 0.03125 0.11388888888888889
0 0.68984375 0.5222222222222223 0.028125 0.11944444444444445
0 0.659765625 0.48680555555555555 0.02734375 0.10694444444444444
0 0.659765625 0.4361111111111111 0.03359375 0.08333333333333333
0 0.671875 0.4284722222222222 0.0203125 0.08194444444444444
0 0.5984375 0.4777777777777778 0.0328125 0.11388888888888889
0 0.606640625 0.6291666666666667 0.03828125 0.13055555555555556
0 0.55546875 0.5194444444444445 0.034375 0.125
0 0.51484375 0.5368055555555555 0.0328125 0.10972222222222222
0 0.509375 0.5243055555555556 0.025 0.1125
0 0.392578125 0.55625 0.03515625 0.10972222222222222
0 0.394140625 0.5402777777777777 0.02890625 0.10833333333333334
0 0.35703125 0.5958333333333333 0.0265625 0.12777777777777777
0 0.300390625 0.6708333333333333 0.03984375 0.13333333333333333
7 0.23046875 0.46458333333333335 0.246875 0.2152777777777778
4 0.18203125 0.11736111111111111 0.2265625 0.043055555555555555
4 0.0421875 0.11597222222222223 0.025 0.04027777777777778
4 0.937109375 0.9152777777777777 0.05546875 0.08333333333333333