5 0.525 0.6486111111111111 0.0171875 0.019444444444444445
4 0.183203125 0.11736111111111111 0.22578125 0.043055555555555555
4 0.040625 0.11597222222222223 0.0234375 0.034722222222222224
4 0.9375 0.9138888888888889 0.0546875 0.09166666666666666
3 0.84765625 0.3388888888888889 0.0078125 0.008333333333333333
3 0.73828125 0.6215277777777778 0.009375 0.020833333333333332
6 0.896875 0.31527777777777777 0.028125 0.09444444444444444
0 0.9265625 0.5583333333333333 0.03125 0.125
0 0.83359375 0.5527777777777778 0.0234375 0.11944444444444445
0 0.746875 0.5763888888888888 0.040625 0.12222222222222222
0 0.756640625 0.5611111111111111 0.02734375 0.13055555555555556
0 0.709375 0.5166666666666667 0.025 0.12222222222222222
0 0.6328125 0.45694444444444443 0.025 0.11666666666666667
0 0.5953125 0.5027777777777778 0.028125 0.10833333333333334
0 0.5859375 0.5263888888888889 0.0375 0.10555555555555556
0 0.56484375 0.5284722222222222 0.0265625 0.12083333333333333
0 0.48359375 0.4861111111111111 0.0234375 0.09722222222222222
0 0.4984375 0.5756944444444444 0.03125 0.10694444444444444
0 0.46171875 0.6256944444444444 0.0359375 0.1125
0 0.3734375 0.58125 0.03125 0.1125
1 0.3046875 0.5201388888888889 0.04375 0.07916666666666666
0 0.315234375 0.5729166666666666 0.02734375 0.06805555555555555
0 0.3140625 0.625 0.034375 0.125
0 0.212109375 0.675 0.03984375 0.15555555555555556
7 0.19453125 0.48125 0.2578125 0.22361111111111112