4 0.940625 0.9180555555555555 0.0578125 0.075
4 0.181640625 0.11527777777777778 0.22421875 0.05
4 0.0421875 0.12013888888888889 0.028125 0.043055555555555555
3 0.511328125 0.8076388888888889 0.01484375 0.02638888888888889
2 0.2328125 0.4395833333333333 0.0265625 0.10138888888888889
0 0.251953125 0.45694444444444443 0.02578125 0.09444444444444444
0 0.371875 0.38472222222222224 0.021875 0.08888888888888889
0 0.3546875 0.2375 0.015625 0.08333333333333333
0 0.487890625 0.16944444444444445 0.02265625 0.06388888888888888
0 0.62265625 0.29305555555555557 0.021875 0.06666666666666667
0 0.612109375 0.39444444444444443 0.01953125 0.09166666666666666
0 0.720703125 0.24444444444444444 0.02265625 0.07777777777777778
0 0.817578125 0.4388888888888889 0.02578125 0.10833333333333334
0 0.93359375 0.46805555555555556 0.0359375 0.09166666666666666
0 0.378125 0.8708333333333333 0.0484375 0.16111111111111112
0 0.067578125 0.6659722222222222 0.05546875 0.12916666666666668
0 0.069921875 0.46458333333333335 0.03828125 0.09861111111111111
0 0.065234375 0.41180555555555554 0.03203125 0.10972222222222222
0 0.13359375 0.3875 0.03125 0.1
0 0.18125 0.33819444444444446 0.0265625 0.09861111111111111
0 0.2140625 0.33194444444444443 0.0359375 0.08611111111111111