4 0.93515625 0.9173611111111111 0.05625 0.07916666666666666
4 0.04140625 0.11666666666666667 0.0234375 0.041666666666666664
4 0.181640625 0.11805555555555555 0.22421875 0.04722222222222222
6 0.05078125 0.31319444444444444 0.0265625 0.08194444444444444
0 0.06171875 0.4618055555555556 0.0265625 0.10972222222222222
2 0.210546875 0.7229166666666667 0.04296875 0.12916666666666668
0 0.190625 0.8305555555555556 0.0265625 0.1527777777777778
0 0.45234375 0.6875 0.040625 0.13333333333333333
0 0.70625 0.6513888888888889 0.0359375 0.1388888888888889
3 0.64140625 0.3951388888888889 0.0078125 0.0125
0 0.565625 0.41388888888888886 0.0375 0.08333333333333333
0 0.471875 0.39791666666666664 0.0359375 0.08472222222222223
0 0.182421875 0.5715277777777777 0.03984375 0.11527777777777778