4 0.939453125 0.9138888888888889 0.05546875 0.08055555555555556
4 0.18359375 0.11666666666666667 0.2234375 0.044444444444444446
4 0.03984375 0.11875 0.0234375 0.04027777777777778
3 0.274609375 0.5833333333333334 0.01015625 0.019444444444444445
6 0.313671875 0.2590277777777778 0.02265625 0.07361111111111111
1 0.86171875 0.45902777777777776 0.0453125 0.0763888888888889
7 0.903125 0.4097222222222222 0.19375 0.20555555555555555
0 0.908984375 0.6229166666666667 0.04609375 0.11805555555555555
0 0.846484375 0.5423611111111111 0.03046875 0.13194444444444445
0 0.73203125 0.4986111111111111 0.0265625 0.11388888888888889
0 0.660546875 0.4798611111111111 0.02265625 0.1125
0 0.637109375 0.4826388888888889 0.02265625 0.12638888888888888
0 0.628515625 0.575 0.03671875 0.11388888888888889
0 0.55078125 0.5923611111111111 0.025 0.13194444444444445
0 0.554296875 0.4875 0.03515625 0.10277777777777777
0 0.508203125 0.4777777777777778 0.02890625 0.11666666666666667
0 0.4484375 0.46041666666666664 0.0296875 0.10416666666666667
0 0.404296875 0.5395833333333333 0.03984375 0.10694444444444444
0 0.3265625 0.7597222222222222 0.0453125 0.1527777777777778
0 0.15859375 0.6701388888888888 0.046875 0.1486111111111111
0 0.10390625 0.5034722222222222 0.025 0.12361111111111112
0 0.311328125 0.4215277777777778 0.02734375 0.09861111111111111
0 0.246484375 0.4375 0.02578125 0.10277777777777777
0 0.2953125 0.5256944444444445 0.0234375 0.10694444444444444
0 0.2703125 0.5333333333333333 0.0546875 0.1111111111111111