3 0.38515625 0.4722222222222222 0.0046875 0.019444444444444445
4 0.18203125 0.11805555555555555 0.225 0.05277777777777778
4 0.041015625 0.11388888888888889 0.02421875 0.030555555555555555
4 0.93515625 0.9180555555555555 0.05625 0.08055555555555556
6 0.96640625 0.25 0.03125 0.08055555555555556
0 0.98671875 0.4201388888888889 0.0265625 0.10138888888888889
0 0.912890625 0.5451388888888888 0.04453125 0.09861111111111111
0 0.83828125 0.4652777777777778 0.0296875 0.10555555555555556
0 0.769140625 0.4201388888888889 0.02421875 0.08194444444444444
0 0.776171875 0.3701388888888889 0.02578125 0.07361111111111111
0 0.7546875 0.34652777777777777 0.021875 0.09027777777777778
0 0.79921875 0.6215277777777778 0.040625 0.10416666666666667
0 0.840625 0.6736111111111112 0.0578125 0.11944444444444445
0 0.659765625 0.5659722222222222 0.03671875 0.09583333333333334
0 0.651953125 0.6083333333333333 0.06171875 0.10277777777777777
0 0.63359375 0.4263888888888889 0.034375 0.06111111111111111
3 0.50390625 0.45208333333333334 0.034375 0.10694444444444444
0 0.429296875 0.4284722222222222 0.03515625 0.07916666666666666
0 0.417578125 0.3902777777777778 0.02734375 0.08611111111111111
0 0.126171875 0.44513888888888886 0.04296875 0.0875
0 0.02890625 0.4597222222222222 0.046875 0.1111111111111111