5 0.283203125 0.525 0.01171875 0.011111111111111112
7 0.0765625 0.4215277777777778 0.153125 0.14583333333333334
0 0.1046875 0.5652777777777778 0.0328125 0.09722222222222222
0 0.190625 0.4979166666666667 0.0375 0.10138888888888889
0 0.265625 0.5479166666666667 0.0203125 0.10416666666666667
0 0.513671875 0.4083333333333333 0.01640625 0.07222222222222222
1 0.526171875 0.4222222222222222 0.02890625 0.03611111111111111
0 0.55 0.4083333333333333 0.021875 0.07777777777777778
0 0.5390625 0.4722222222222222 0.015625 0.08611111111111111
0 0.637109375 0.44027777777777777 0.01953125 0.09166666666666666
0 0.662890625 0.45416666666666666 0.03203125 0.09444444444444444
0 0.687109375 0.49722222222222223 0.03046875 0.09722222222222222
2 0.719140625 0.5159722222222223 0.03046875 0.10972222222222222
0 0.803125 0.4486111111111111 0.0234375 0.08888888888888889
0 0.875390625 0.5215277777777778 0.02265625 0.10972222222222222
0 0.93671875 0.7833333333333333 0.0390625 0.1527777777777778
0 0.978515625 0.7618055555555555 0.04296875 0.15416666666666667
6 0.591796875 0.3548611111111111 0.02421875 0.05694444444444444