5 0.179296875 0.42291666666666666 0.00859375 0.009722222222222222
1 0.13515625 0.37916666666666665 0.028125 0.075
7 0.034765625 0.3368055555555556 0.06953125 0.10416666666666667
6 0.42421875 0.28125 0.01875 0.0375
3 0.4546875 0.3729166666666667 0.0046875 0.009722222222222222
0 0.44609375 0.35138888888888886 0.0203125 0.06388888888888888
0 0.361328125 0.5472222222222223 0.03359375 0.11944444444444445
0 0.525 0.5145833333333333 0.0171875 0.10416666666666667
0 0.544140625 0.4791666666666667 0.03046875 0.11388888888888889
0 0.7375 0.3993055555555556 0.028125 0.09027777777777778
2 0.868359375 0.6923611111111111 0.02734375 0.15138888888888888
0 0.771484375 0.9326388888888889 0.05234375 0.13472222222222222
0 0.97890625 0.6 0.0265625 0.12777777777777777
0 0.889453125 0.6006944444444444 0.03203125 0.12083333333333333
0 0.94765625 0.4840277777777778 0.028125 0.10972222222222222
0 0.9890625 0.3416666666666667 0.01875 0.075