5 0.776953125 0.42986111111111114 0.01015625 0.009722222222222222
1 0.919921875 0.3993055555555556 0.01796875 0.059722222222222225
7 0.932421875 0.3680555555555556 0.13515625 0.10277777777777777
6 0.577734375 0.30694444444444446 0.01953125 0.04722222222222222
2 0.380078125 0.5569444444444445 0.02734375 0.1
3 0.454296875 0.6006944444444444 0.00546875 0.015277777777777777
0 0.5203125 0.6569444444444444 0.0359375 0.10833333333333334
0 0.540234375 0.5513888888888889 0.01953125 0.08333333333333333
0 0.5609375 0.4465277777777778 0.015625 0.07083333333333333
0 0.653515625 0.49583333333333335 0.01796875 0.06944444444444445
0 0.6609375 0.47152777777777777 0.0203125 0.0875
0 0.7140625 0.5368055555555555 0.025 0.08472222222222223
0 0.781640625 0.5458333333333333 0.03828125 0.08333333333333333
0 0.761328125 0.6277777777777778 0.02265625 0.10555555555555556
0 0.44921875 0.5701388888888889 0.028125 0.10416666666666667
0 0.46875 0.5111111111111111 0.0140625 0.08055555555555556
0 0.316015625 0.40347222222222223 0.01796875 0.05138888888888889
0 0.290625 0.6930555555555555 0.028125 0.14166666666666666
0 0.2203125 0.6430555555555556 0.01875 0.11666666666666667
0 0.164453125 0.7145833333333333 0.02265625 0.13194444444444445
0 0.15390625 0.6472222222222223 0.0265625 0.10555555555555556
0 0.06171875 0.5041666666666667 0.0328125 0.08611111111111111
0 0.176171875 0.4263888888888889 0.01796875 0.06111111111111111