5 0.772265625 0.5715277777777777 0.01328125 0.009722222222222222
3 0.240625 0.4638888888888889 0.00625 0.013888888888888888
6 0.409765625 0.36527777777777776 0.02109375 0.06666666666666667
2 0.5625 0.5638888888888889 0.0453125 0.125
1 0.94453125 0.46111111111111114 0.0203125 0.1
0 0.86953125 0.4875 0.028125 0.10277777777777777
0 0.8390625 0.5034722222222222 0.01875 0.10138888888888889
0 0.75546875 0.4951388888888889 0.0296875 0.09305555555555556
0 0.724609375 0.5159722222222223 0.02890625 0.09305555555555556
0 0.740234375 0.5875 0.04453125 0.10833333333333334
0 0.473046875 0.4513888888888889 0.02890625 0.09444444444444444
0 0.395703125 0.4423611111111111 0.04296875 0.09305555555555556
0 0.35078125 0.5645833333333333 0.0265625 0.1125
0 0.4953125 0.7236111111111111 0.040625 0.15555555555555556
0 0.40546875 0.9118055555555555 0.0453125 0.1763888888888889
0 0.340625 0.9402777777777778 0.053125 0.11944444444444445
0 0.13671875 0.53125 0.0265625 0.12361111111111112
7 0.96484375 0.42916666666666664 0.0703125 0.1638888888888889