5 0.590234375 0.36180555555555555 0.00703125 0.006944444444444444
1 0.466796875 0.32430555555555557 0.01328125 0.06527777777777778
3 0.3359375 0.45902777777777776 0.00625 0.009722222222222222
7 0.441796875 0.28680555555555554 0.13359375 0.10138888888888889
6 0.81171875 0.24791666666666667 0.0171875 0.043055555555555555
0 0.825 0.3125 0.0171875 0.06666666666666667
2 0.84296875 0.6979166666666666 0.046875 0.14583333333333334
0 0.728515625 0.7416666666666667 0.03515625 0.1527777777777778
0 0.799609375 0.48333333333333334 0.01640625 0.10555555555555556
0 0.746484375 0.4652777777777778 0.01796875 0.09722222222222222
0 0.478125 0.5409722222222222 0.034375 0.10694444444444444
0 0.07109375 0.6472222222222223 0.0421875 0.12777777777777777
0 0.3078125 0.4222222222222222 0.025 0.08888888888888889