5 0.830078125 0.12291666666666666 0.00546875 0.006944444444444444
1 0.883984375 0.12361111111111112 0.01640625 0.05277777777777778
7 0.948046875 0.08402777777777778 0.10234375 0.09027777777777778
0 0.989453125 0.475 0.02109375 0.11666666666666667
3 0.66328125 0.8791666666666667 0.015625 0.022222222222222223
0 0.657421875 0.8597222222222223 0.07421875 0.18055555555555555
0 0.464453125 0.5979166666666667 0.04609375 0.1375
0 0.641015625 0.40902777777777777 0.03984375 0.10138888888888889
0 0.70625 0.39791666666666664 0.0390625 0.10694444444444444
0 0.802734375 0.3055555555555556 0.04609375 0.09166666666666666
0 0.652734375 0.17083333333333334 0.02578125 0.06111111111111111
6 0.6796875 0.015277777777777777 0.0171875 0.030555555555555555
0 0.60625 0.14722222222222223 0.0203125 0.05555555555555555
0 0.544140625 0.12986111111111112 0.01796875 0.07361111111111111
0 0.4578125 0.14930555555555555 0.0234375 0.06805555555555555
0 0.462109375 0.2861111111111111 0.02578125 0.08333333333333333
0 0.36953125 0.3347222222222222 0.01875 0.10833333333333334
0 0.179296875 0.33055555555555555 0.03203125 0.08611111111111111
0 0.241015625 0.14722222222222223 0.01640625 0.06388888888888888
0 0.309765625 0.06875 0.01796875 0.04027777777777778
0 0.447265625 0.08680555555555555 0.01640625 0.04861111111111111
2 0.547265625 0.2847222222222222 0.02734375 0.09722222222222222