5 0.865625 0.3951388888888889 0.0109375 0.015277777777777777
6 0.948828125 0.21458333333333332 0.01015625 0.05694444444444444
3 0.634765625 0.6319444444444444 0.00859375 0.016666666666666666
0 0.5765625 0.6194444444444445 0.0375 0.13055555555555556
0 0.501953125 0.5527777777777778 0.05234375 0.125
0 0.579296875 0.4652777777777778 0.04296875 0.09166666666666666
0 0.528125 0.2708333333333333 0.0265625 0.058333333333333334
0 0.50859375 0.24791666666666667 0.015625 0.05416666666666667
0 0.2671875 0.36180555555555555 0.0296875 0.05694444444444444
0 0.24765625 0.4166666666666667 0.034375 0.08611111111111111
0 0.07734375 0.6027777777777777 0.071875 0.125
0 0.045703125 0.5486111111111112 0.04140625 0.125
0 0.01328125 0.44930555555555557 0.0265625 0.10138888888888889
2 0.11796875 0.3819444444444444 0.0390625 0.09444444444444444
0 0.16953125 0.3145833333333333 0.0234375 0.07361111111111111
0 0.251953125 0.2902777777777778 0.02578125 0.08055555555555556
0 0.01875 0.24166666666666667 0.01875 0.06944444444444445