6 0.74140625 0.31666666666666665 0.0203125 0.05555555555555555
0 0.968359375 0.5201388888888889 0.03203125 0.1125
0 0.948828125 0.6520833333333333 0.05234375 0.11805555555555555
3 0.31796875 0.43680555555555556 0.0078125 0.0125
0 0.647265625 0.4305555555555556 0.01796875 0.075
0 0.577734375 0.42083333333333334 0.02265625 0.06666666666666667
0 0.541015625 0.4513888888888889 0.01640625 0.08333333333333333
0 0.5296875 0.39305555555555555 0.0140625 0.06944444444444445
0 0.5015625 0.37777777777777777 0.0171875 0.06388888888888888
0 0.44453125 0.3541666666666667 0.0140625 0.06388888888888888
2 0.451953125 0.4777777777777778 0.02578125 0.09444444444444444
0 0.38359375 0.4465277777777778 0.021875 0.08472222222222223
0 0.305078125 0.40069444444444446 0.02265625 0.0875
0 0.225390625 0.45069444444444445 0.02890625 0.07916666666666666
0 0.29609375 0.5805555555555556 0.034375 0.11388888888888889
0 0.141015625 0.5263888888888889 0.03984375 0.1111111111111111