5 0.254296875 0.5826388888888889 0.00859375 0.015277777777777777
1 0.103125 0.49236111111111114 0.01875 0.10138888888888889
7 0.053515625 0.46111111111111114 0.10703125 0.1527777777777778
0 0.190234375 0.5652777777777778 0.03203125 0.1111111111111111
0 0.28671875 0.6402777777777777 0.0234375 0.08333333333333333
0 0.277734375 0.5631944444444444 0.03515625 0.10694444444444444
0 0.238671875 0.5333333333333333 0.01796875 0.10833333333333334
0 0.283203125 0.5125 0.01953125 0.1111111111111111
0 0.3296875 0.49722222222222223 0.0109375 0.09166666666666666
0 0.348046875 0.5263888888888889 0.02421875 0.10833333333333334
0 0.398828125 0.5680555555555555 0.02265625 0.1111111111111111
0 0.409765625 0.5222222222222223 0.03828125 0.09722222222222222
0 0.452734375 0.5347222222222222 0.01640625 0.1
0 0.48359375 0.5090277777777777 0.0234375 0.10694444444444444
0 0.47265625 0.4618055555555556 0.0234375 0.09027777777777778
0 0.555078125 0.5243055555555556 0.02890625 0.10694444444444444
0 0.640234375 0.4888888888888889 0.03203125 0.09722222222222222
2 0.677734375 0.5166666666666667 0.01796875 0.1111111111111111
0 0.71171875 0.5708333333333333 0.034375 0.11944444444444445
0 0.751953125 0.5826388888888889 0.02890625 0.11805555555555555
6 0.602734375 0.38819444444444445 0.02265625 0.059722222222222225
0 0.875390625 0.6513888888888889 0.04140625 0.13333333333333333
0 0.8 0.3958333333333333 0.021875 0.075
3 0.804296875 0.38472222222222224 0.00546875 0.008333333333333333