5 0.441015625 0.43472222222222223 0.01015625 0.008333333333333333
3 0.29140625 0.4097222222222222 0.00625 0.011111111111111112
1 0.2859375 0.3763888888888889 0.0296875 0.07777777777777778
6 0.73046875 0.275 0.0171875 0.05277777777777778
7 0.231640625 0.33819444444444446 0.18828125 0.14027777777777778
0 0.23046875 0.5465277777777777 0.040625 0.10972222222222222
0 0.63828125 0.5097222222222222 0.0265625 0.11666666666666667
0 0.643359375 0.4423611111111111 0.03984375 0.09305555555555556
0 0.74921875 0.31805555555555554 0.0171875 0.075
0 0.823046875 0.35833333333333334 0.02421875 0.08333333333333333
0 0.561328125 0.9618055555555556 0.03671875 0.0763888888888889