5 0.935546875 0.5354166666666667 0.01171875 0.015277777777777777
1 0.79765625 0.45208333333333334 0.03125 0.07083333333333333
6 0.636328125 0.35555555555555557 0.02109375 0.05
0 0.512109375 0.43680555555555556 0.03046875 0.06805555555555555
0 0.420703125 0.5111111111111111 0.03515625 0.09722222222222222
0 0.446484375 0.5777777777777777 0.03984375 0.10277777777777777
0 0.3828125 0.6361111111111111 0.03125 0.11666666666666667
0 0.357421875 0.425 0.02421875 0.075
0 0.147265625 0.44375 0.02265625 0.08194444444444444
0 0.093359375 0.4152777777777778 0.02421875 0.07222222222222222
0 0.051953125 0.4666666666666667 0.02421875 0.08333333333333333
2 0.003125 0.5534722222222223 0.00625 0.08472222222222223
3 0.637109375 0.3173611111111111 0.00859375 0.0125