3 0.63515625 0.44722222222222224 0.015625 0.019444444444444445
1 0.5546875 0.28888888888888886 0.0125 0.05
5 0.577734375 0.27361111111111114 0.11171875 0.08333333333333333
0 0.7140625 0.46458333333333335 0.0234375 0.07916666666666666
0 0.69765625 0.4840277777777778 0.028125 0.10138888888888889
0 0.3921875 0.3277777777777778 0.0140625 0.06388888888888888
0 0.356640625 0.3263888888888889 0.01328125 0.075
0 0.287109375 0.3715277777777778 0.02109375 0.07916666666666666
0 0.182421875 0.39444444444444443 0.02734375 0.07777777777777778
0 0.096875 0.47708333333333336 0.040625 0.09583333333333334
0 0.02265625 0.32222222222222224 0.0125 0.05555555555555555
0 0.109765625 0.31805555555555554 0.01796875 0.05555555555555555
0 0.241015625 0.2902777777777778 0.01015625 0.05
6 0.280078125 0.2611111111111111 0.00703125 0.027777777777777776