3 0.8453125 0.5395833333333333 0.009375 0.018055555555555554
6 0.5765625 0.38125 0.0234375 0.059722222222222225
2 0.40546875 0.5701388888888889 0.03125 0.12916666666666668
0 0.8296875 0.5041666666666667 0.0421875 0.08611111111111111
0 0.71171875 0.4979166666666667 0.040625 0.08472222222222223
0 0.63515625 0.5958333333333333 0.04375 0.1527777777777778
0 0.663671875 0.4375 0.01953125 0.08888888888888889
0 0.57265625 0.4583333333333333 0.021875 0.09166666666666666
0 0.544921875 0.4583333333333333 0.01953125 0.09722222222222222
0 0.498046875 0.45069444444444445 0.02578125 0.07916666666666666
0 0.451171875 0.5881944444444445 0.03828125 0.14305555555555555
0 0.450390625 0.5055555555555555 0.02578125 0.09722222222222222
0 0.39921875 0.5430555555555555 0.01875 0.1111111111111111
0 0.37109375 0.4798611111111111 0.0234375 0.09583333333333334
0 0.25390625 0.5173611111111112 0.0171875 0.09583333333333334
0 0.226953125 0.50625 0.01953125 0.10416666666666667
0 0.213671875 0.5805555555555556 0.03046875 0.11388888888888889
0 0.098828125 0.54375 0.02890625 0.10694444444444444
1 0.10546875 0.45625 0.01875 0.09305555555555556
7 0.062109375 0.4284722222222222 0.12421875 0.1486111111111111