3 0.1390625 0.6444444444444445 0.0140625 0.022222222222222223
0 0.12265625 0.6 0.0421875 0.11944444444444445
1 0.526171875 0.43819444444444444 0.02265625 0.07083333333333333
7 0.540625 0.4041666666666667 0.1796875 0.125
2 0.700390625 0.6138888888888889 0.04453125 0.15555555555555556
0 0.3484375 0.5569444444444445 0.0453125 0.10277777777777777
0 0.57578125 0.5229166666666667 0.040625 0.10416666666666667
0 0.609375 0.5805555555555556 0.0234375 0.11666666666666667
0 0.680859375 0.5194444444444445 0.03046875 0.10277777777777777
0 0.692578125 0.46805555555555556 0.02734375 0.07777777777777778
0 0.71015625 0.50625 0.025 0.09027777777777778
0 0.868359375 0.49722222222222223 0.02890625 0.10555555555555556
0 0.890234375 0.4527777777777778 0.02265625 0.08333333333333333
0 0.934375 0.5145833333333333 0.0328125 0.10694444444444444
0 0.9921875 0.44583333333333336 0.015625 0.08611111111111111
5 0.740625 0.4979166666666667 0.009375 0.009722222222222222