5 0.771875 0.5034722222222222 0.009375 0.009722222222222222
1 0.8828125 0.40069444444444446 0.0140625 0.07083333333333333
0 0.88203125 0.5236111111111111 0.01875 0.06944444444444445
7 0.950390625 0.4027777777777778 0.09921875 0.125
3 0.607421875 0.33611111111111114 0.00390625 0.008333333333333333
7 0.575 0.28958333333333336 0.0125 0.05138888888888889
0 0.620703125 0.3194444444444444 0.02109375 0.044444444444444446
0 0.596875 0.3402777777777778 0.0171875 0.05
0 0.25234375 0.34375 0.015625 0.05416666666666667
0 0.348828125 0.3576388888888889 0.01640625 0.05416666666666667
0 0.422265625 0.4013888888888889 0.01640625 0.058333333333333334
0 0.46796875 0.4263888888888889 0.021875 0.06388888888888888
2 0.265625 0.5125 0.0203125 0.07222222222222222
0 0.2984375 0.5986111111111111 0.0234375 0.08333333333333333
0 0.468359375 0.6243055555555556 0.02109375 0.09305555555555556
0 0.066796875 0.4638888888888889 0.01484375 0.06944444444444445
0 0.0046875 0.6111111111111112 0.009375 0.09444444444444444