5 0.74453125 0.6506944444444445 0.009375 0.009722222222222222
1 0.539453125 0.44375 0.01953125 0.10972222222222222
0 0.215625 0.5444444444444444 0.0640625 0.11666666666666667
0 0.41875 0.5055555555555555 0.0265625 0.12777777777777777
7 0.38125 0.4465277777777778 0.2703125 0.25416666666666665
0 0.553125 0.7805555555555556 0.0375 0.16111111111111112
0 0.705859375 0.4625 0.03671875 0.125
0 0.76484375 0.5652777777777778 0.034375 0.14166666666666666
0 0.87109375 0.4284722222222222 0.034375 0.13472222222222222
0 0.92734375 0.43680555555555556 0.0359375 0.10972222222222222
0 0.87890625 0.5694444444444444 0.0453125 0.13333333333333333