5 0.607421875 0.6201388888888889 0.00859375 0.009722222222222222
1 0.71875 0.45694444444444443 0.0296875 0.10277777777777777
3 0.30625 0.36319444444444443 0.0046875 0.0125
6 0.31875 0.31805555555555554 0.0125 0.06944444444444445
7 0.89140625 0.48333333333333334 0.2171875 0.2
0 0.575 0.9236111111111112 0.0375 0.14722222222222223
0 0.65859375 0.5652777777777778 0.03125 0.125
0 0.628125 0.5486111111111112 0.021875 0.12222222222222222
0 0.509765625 0.6111111111111112 0.01953125 0.1
0 0.483984375 0.5222222222222223 0.02890625 0.12777777777777777
0 0.461328125 0.5159722222222223 0.02578125 0.10416666666666667
0 0.366015625 0.5736111111111111 0.02109375 0.1361111111111111
0 0.33125 0.5930555555555556 0.0265625 0.10833333333333334
0 0.339453125 0.4131944444444444 0.02890625 0.08194444444444444
0 0.259765625 0.44930555555555557 0.02265625 0.09861111111111111
0 0.195703125 0.5125 0.02890625 0.1111111111111111
0 0.193359375 0.39444444444444443 0.02109375 0.08888888888888889
0 0.018359375 0.5638888888888889 0.02265625 0.1111111111111111
0 0.1421875 0.44583333333333336 0.025 0.08888888888888889