5 0.331640625 0.4048611111111111 0.00546875 0.006944444444444444
3 0.241796875 0.41388888888888886 0.00703125 0.011111111111111112
1 0.246875 0.3770833333333333 0.0125 0.05138888888888889
0 0.401171875 0.3645833333333333 0.01640625 0.05416666666666667
0 0.28671875 0.5388888888888889 0.0265625 0.09166666666666666
6 0.505078125 0.2152777777777778 0.01796875 0.04722222222222222
7 0.15703125 0.32430555555555557 0.134375 0.12361111111111112
0 0.0265625 0.5347222222222222 0.0203125 0.08333333333333333
0 0.545703125 0.3125 0.01484375 0.05555555555555555
0 0.5078125 0.7791666666666667 0.0375 0.10833333333333334
0 0.74609375 0.49027777777777776 0.0171875 0.07777777777777778
0 0.842578125 0.45069444444444445 0.02578125 0.059722222222222225
0 0.9640625 0.34791666666666665 0.015625 0.0625
0 0.973828125 0.40347222222222223 0.02109375 0.059722222222222225
2 0.929296875 0.5090277777777777 0.01953125 0.07083333333333333
0 0.83125 0.6923611111111111 0.01875 0.10416666666666667
0 0.8171875 0.7916666666666666 0.025 0.11666666666666667
0 0.785546875 0.28402777777777777 0.01796875 0.05138888888888889