5 0.98671875 0.5361111111111111 0.009375 0.008333333333333333
6 0.693359375 0.22152777777777777 0.02421875 0.07361111111111111
3 0.416796875 0.3159722222222222 0.00859375 0.009722222222222222
0 0.4265625 0.2881944444444444 0.0203125 0.07916666666666666
0 0.450390625 0.38125 0.02421875 0.09027777777777778
2 0.237890625 0.4027777777777778 0.03671875 0.09166666666666666
0 0.28671875 0.3111111111111111 0.01875 0.08055555555555556
0 0.281640625 0.3715277777777778 0.02421875 0.0875
0 0.32890625 0.5131944444444444 0.0375 0.10138888888888889
0 0.41953125 0.5006944444444444 0.0359375 0.11527777777777778
0 0.146484375 0.4340277777777778 0.02109375 0.10416666666666667
0 0.0078125 0.3451388888888889 0.015625 0.09305555555555556
0 0.72578125 0.4875 0.028125 0.10833333333333334
0 0.74296875 0.4583333333333333 0.0234375 0.10277777777777777
0 0.77421875 0.6527777777777778 0.0390625 0.12222222222222222
0 0.886328125 0.6069444444444444 0.02578125 0.1361111111111111