3 0.83359375 0.5597222222222222 0.0078125 0.008333333333333333
5 0.42890625 0.4354166666666667 0.0078125 0.009722222222222222
1 0.58515625 0.375 0.0234375 0.06111111111111111
7 0.58671875 0.3458333333333333 0.121875 0.10833333333333334
0 0.816796875 0.5166666666666667 0.01953125 0.06388888888888888
0 0.3578125 0.33402777777777776 0.0140625 0.05138888888888889
0 0.547265625 0.4861111111111111 0.03203125 0.06666666666666667
6 0.25546875 0.26458333333333334 0.0109375 0.0375
0 0.16015625 0.3541666666666667 0.0125 0.05555555555555555
0 0.025390625 0.5020833333333333 0.02578125 0.07916666666666666
0 0.0875 0.6361111111111111 0.0375 0.09444444444444444
0 0.10546875 0.6694444444444444 0.0265625 0.08888888888888889
0 0.190625 0.9201388888888888 0.046875 0.13472222222222222
0 0.699609375 0.6555555555555556 0.03203125 0.07777777777777778
0 0.861328125 0.9166666666666666 0.03203125 0.125