3 0.458203125 0.5194444444444445 0.01015625 0.019444444444444445
6 0.878515625 0.06597222222222222 0.01640625 0.0375
0 0.862890625 0.33958333333333335 0.02109375 0.06805555555555555
0 0.687890625 0.65 0.04453125 0.08333333333333333
0 0.667578125 0.6902777777777778 0.05390625 0.09444444444444444
0 0.74375 0.9277777777777778 0.04375 0.125
0 0.750390625 0.9340277777777778 0.02890625 0.13194444444444445
0 0.512109375 0.41388888888888886 0.02578125 0.08888888888888889
0 0.4609375 0.41041666666666665 0.025 0.0763888888888889
2 0.341796875 0.4305555555555556 0.02265625 0.075
0 0.597265625 0.18958333333333333 0.01484375 0.04861111111111111
0 0.53046875 0.1875 0.0171875 0.044444444444444446
0 0.258984375 0.2298611111111111 0.01484375 0.0625
0 0.2703125 0.6152777777777778 0.04375 0.08888888888888889
0 0.269140625 0.8909722222222223 0.03515625 0.12361111111111112
0 0.091796875 0.6666666666666666 0.04296875 0.08611111111111111
0 0.02109375 0.6569444444444444 0.0390625 0.08611111111111111
0 0.09921875 0.2659722222222222 0.025 0.0625