5 0.55390625 0.5076388888888889 0.0078125 0.009722222222222222
3 0.625390625 0.37777777777777777 0.00703125 0.011111111111111112
1 0.667578125 0.3506944444444444 0.02890625 0.09861111111111111
0 0.27734375 0.25277777777777777 0.015625 0.06944444444444445
6 0.269921875 0.22083333333333333 0.01796875 0.05555555555555555
0 0.3359375 0.3020833333333333 0.0328125 0.06805555555555555
0 0.29609375 0.35347222222222224 0.0203125 0.09305555555555556
0 0.4234375 0.40208333333333335 0.0328125 0.10138888888888889
0 0.594921875 0.5131944444444444 0.05078125 0.11527777777777778
7 0.83515625 0.3680555555555556 0.21875 0.18611111111111112
0 0.587109375 0.8 0.03984375 0.16111111111111112
0 0.47265625 0.73125 0.05 0.14583333333333334
0 0.01328125 0.6145833333333334 0.0265625 0.1486111111111111