3 0.3578125 0.6375 0.00625 0.013888888888888888
4 0.183203125 0.1 0.22578125 0.075
4 0.04296875 0.11597222222222223 0.0234375 0.034722222222222224
4 0.938671875 0.9194444444444444 0.05234375 0.08333333333333333
2 0.775 0.56875 0.025 0.08472222222222223
6 0.825390625 0.3923611111111111 0.02109375 0.05694444444444444
0 0.976171875 0.5131944444444444 0.02265625 0.08194444444444444
0 0.83359375 0.49166666666666664 0.0125 0.06111111111111111
1 0.39453125 0.46875 0.021875 0.06527777777777778
0 0.72421875 0.5118055555555555 0.01875 0.07083333333333333
0 0.705859375 0.47152777777777777 0.01484375 0.06805555555555555
0 0.70625 0.4486111111111111 0.015625 0.06388888888888888
7 0.4078125 0.45694444444444443 0.146875 0.11944444444444445
0 0.3796875 0.6055555555555555 0.0328125 0.08055555555555556
0 0.392578125 0.5784722222222223 0.03515625 0.06805555555555555
0 0.440234375 0.6166666666666667 0.02890625 0.07222222222222222
0 0.458203125 0.5736111111111111 0.02265625 0.08055555555555556
0 0.549609375 0.5180555555555556 0.02265625 0.08055555555555556
0 0.60078125 0.5055555555555555 0.0125 0.07222222222222222
0 0.627734375 0.47638888888888886 0.01484375 0.06388888888888888
0 0.656640625 0.5125 0.02265625 0.075