3 0.78671875 0.18263888888888888 0.0078125 0.018055555555555554
0 0.91953125 0.7611111111111111 0.0421875 0.16944444444444445
4 0.937109375 0.9180555555555555 0.05859375 0.08333333333333333
4 0.18359375 0.12083333333333333 0.2203125 0.044444444444444446
4 0.04140625 0.11875 0.0203125 0.029166666666666667
1 0.48125 0.29097222222222224 0.0203125 0.09583333333333334
7 0.39296875 0.2708333333333333 0.215625 0.175
2 0.76015625 0.4326388888888889 0.04375 0.09861111111111111
0 0.8171875 0.45555555555555555 0.0359375 0.12222222222222222
0 0.828125 0.29930555555555555 0.0234375 0.07916666666666666
0 0.78984375 0.29930555555555555 0.028125 0.06805555555555555
0 0.77578125 0.3159722222222222 0.021875 0.0763888888888889
0 0.69921875 0.3506944444444444 0.0421875 0.08194444444444444
0 0.70234375 0.4173611111111111 0.028125 0.09583333333333334
0 0.64921875 0.4527777777777778 0.0390625 0.125
0 0.64609375 0.2923611111111111 0.0234375 0.08194444444444444
0 0.55625 0.4479166666666667 0.034375 0.14027777777777778
0 0.5015625 0.3375 0.0171875 0.08055555555555556
0 0.485546875 0.3715277777777778 0.02265625 0.10694444444444444
0 0.358203125 0.45555555555555555 0.03984375 0.11666666666666667
0 0.349609375 0.4263888888888889 0.03515625 0.11944444444444445
0 0.2296875 0.5145833333333333 0.0421875 0.1375