1 0.517578125 0.25069444444444444 0.01171875 0.059722222222222225
2 0.86171875 0.5819444444444445 0.0484375 0.09722222222222222
4 0.9359375 0.9166666666666666 0.05625 0.08611111111111111
4 0.1828125 0.10416666666666667 0.228125 0.07777777777777778
4 0.03984375 0.11875 0.021875 0.043055555555555555
6 0.059765625 0.3548611111111111 0.02421875 0.05416666666666667
7 0.475390625 0.22152777777777777 0.08828125 0.07916666666666666
6 0.719140625 0.19791666666666666 0.01171875 0.034722222222222224
5 0.5859375 0.28055555555555556 0.00625 0.008333333333333333
0 0.657421875 0.4826388888888889 0.02578125 0.10416666666666667
0 0.71953125 0.4 0.025 0.075
0 0.83046875 0.3347222222222222 0.0125 0.058333333333333334
0 0.70234375 0.6027777777777777 0.0328125 0.10555555555555556
0 0.37890625 0.5708333333333333 0.040625 0.08611111111111111
0 0.316796875 0.8236111111111111 0.04453125 0.10277777777777777
0 0.2609375 0.7590277777777777 0.0390625 0.13472222222222222
3 0.2703125 0.8993055555555556 0.0140625 0.02361111111111111
0 0.89375 0.30416666666666664 0.0171875 0.05277777777777778
0 0.95625 0.2902777777777778 0.0171875 0.04722222222222222
0 0.995703125 0.46944444444444444 0.00859375 0.06944444444444445