3 0.455859375 0.12638888888888888 0.01015625 0.016666666666666666
4 0.1828125 0.11736111111111111 0.2265625 0.04861111111111111
4 0.041015625 0.11875 0.02578125 0.034722222222222224
4 0.937109375 0.9131944444444444 0.05859375 0.08472222222222223
1 0.5875 0.2902777777777778 0.04375 0.08611111111111111
7 0.621484375 0.23819444444444443 0.23671875 0.16805555555555557
0 0.6625 0.44722222222222224 0.028125 0.13333333333333333
0 0.648046875 0.45902777777777776 0.02890625 0.10416666666666667
0 0.56328125 0.3701388888888889 0.0296875 0.11805555555555555
0 0.458203125 0.41875 0.05234375 0.1125
0 0.40078125 0.4048611111111111 0.0421875 0.12361111111111112
0 0.361328125 0.3423611111111111 0.04609375 0.10694444444444444
0 0.397265625 0.3263888888888889 0.02890625 0.10277777777777777
0 0.431640625 0.5854166666666667 0.06484375 0.15416666666666667
0 0.105859375 0.35833333333333334 0.04140625 0.1361111111111111
3 0.53203125 0.27708333333333335 0.0078125 0.015277777777777777