3 0.83828125 0.8458333333333333 0.0140625 0.025
4 0.93671875 0.9104166666666667 0.0578125 0.07361111111111111
0 0.944921875 0.63125 0.03671875 0.0875
0 0.557421875 0.7173611111111111 0.04765625 0.1375
0 0.51640625 0.8069444444444445 0.040625 0.13333333333333333
0 0.65546875 0.4284722222222222 0.021875 0.08472222222222223
4 0.184375 0.09861111111111111 0.2265625 0.08055555555555556
4 0.042578125 0.11736111111111111 0.02421875 0.034722222222222224
2 0.1984375 0.4375 0.0234375 0.06388888888888888
0 0.207421875 0.5270833333333333 0.02265625 0.10138888888888889
0 0.0703125 0.3576388888888889 0.0203125 0.0625
6 0.34140625 0.25416666666666665 0.021875 0.058333333333333334
0 0.247265625 0.4 0.02421875 0.06111111111111111
0 0.30234375 0.33958333333333335 0.01875 0.05416666666666667
0 0.3109375 0.3326388888888889 0.0140625 0.05694444444444444
0 0.341796875 0.3402777777777778 0.01953125 0.06111111111111111
0 0.35625 0.4041666666666667 0.0234375 0.06944444444444445
0 0.39140625 0.3729166666666667 0.015625 0.07361111111111111
0 0.398828125 0.3458333333333333 0.01484375 0.06388888888888888
0 0.424609375 0.36527777777777776 0.01953125 0.06388888888888888
0 0.45859375 0.41805555555555557 0.021875 0.08611111111111111
0 0.475390625 0.35347222222222224 0.02578125 0.07361111111111111
0 0.50859375 0.3875 0.01875 0.075
0 0.59296875 0.43333333333333335 0.021875 0.07777777777777778
1 0.63125 0.3298611111111111 0.0171875 0.0625
7 0.69296875 0.30486111111111114 0.1359375 0.09861111111111111