3 0.58046875 0.40347222222222223 0.015625 0.02638888888888889
4 0.936328125 0.9152777777777777 0.05390625 0.07222222222222222
4 0.18203125 0.11527777777777778 0.2203125 0.044444444444444446
4 0.041015625 0.11180555555555556 0.02265625 0.0375
7 0.7125 0.3347222222222222 0.4203125 0.3138888888888889
1 0.5828125 0.4201388888888889 0.04375 0.1875
0 0.46328125 0.7277777777777777 0.0546875 0.24166666666666667
0 0.1578125 0.6708333333333333 0.0546875 0.23055555555555557
5 0.209765625 0.60625 0.01484375 0.020833333333333332
0 0.125 0.7555555555555555 0.0515625 0.2638888888888889
0 0.020703125 0.7486111111111111 0.04140625 0.275