4 0.93828125 0.9180555555555555 0.053125 0.08333333333333333
0 0.88359375 0.70625 0.03125 0.10972222222222222
4 0.18125 0.10069444444444445 0.2203125 0.07916666666666666
4 0.03984375 0.11805555555555555 0.0234375 0.027777777777777776
6 0.128125 0.40625 0.0171875 0.04861111111111111
1 0.3046875 0.5993055555555555 0.021875 0.0875
0 0.10859375 0.6347222222222222 0.0359375 0.10277777777777777
0 0.11953125 0.5576388888888889 0.0171875 0.08194444444444444
0 0.231640625 0.5166666666666667 0.02421875 0.06666666666666667
0 0.309765625 0.4673611111111111 0.01953125 0.05416666666666667
0 0.312890625 0.4666666666666667 0.01953125 0.05555555555555555
0 0.3703125 0.5076388888888889 0.0203125 0.07361111111111111
0 0.400390625 0.48333333333333334 0.01953125 0.06388888888888888
0 0.408203125 0.5201388888888889 0.02109375 0.06527777777777778
0 0.425390625 0.5013888888888889 0.01796875 0.06666666666666667
0 0.44921875 0.48194444444444445 0.015625 0.075
3 0.451171875 0.41041666666666665 0.00546875 0.009722222222222222
0 0.470703125 0.49444444444444446 0.01796875 0.06666666666666667
0 0.467578125 0.5840277777777778 0.01640625 0.09027777777777778
0 0.516015625 0.5319444444444444 0.01328125 0.07222222222222222
0 0.507421875 0.5020833333333333 0.01953125 0.06805555555555555
1 0.5203125 0.46597222222222223 0.01875 0.05138888888888889
7 0.53828125 0.44305555555555554 0.14375 0.10833333333333334
0 0.694921875 0.7090277777777778 0.04140625 0.1125
0 0.55234375 0.7777777777777778 0.0265625 0.12777777777777777