3 0.4703125 0.6083333333333333 0.0125 0.025
4 0.940234375 0.9138888888888889 0.05703125 0.075
4 0.1828125 0.10347222222222222 0.23125 0.0763888888888889
4 0.041015625 0.11736111111111111 0.02734375 0.0375
1 0.159375 0.4701388888888889 0.0359375 0.10138888888888889
2 0.784765625 0.5090277777777777 0.03515625 0.09027777777777778
6 0.727734375 0.3402777777777778 0.01640625 0.07222222222222222
0 0.848046875 0.42777777777777776 0.01640625 0.07777777777777778
0 0.794921875 0.43194444444444446 0.02421875 0.07777777777777778
0 0.766015625 0.47708333333333336 0.01953125 0.10138888888888889
0 0.588671875 0.4965277777777778 0.02265625 0.10138888888888889
0 0.515625 0.5618055555555556 0.0390625 0.10416666666666667
0 0.491796875 0.6333333333333333 0.03515625 0.13333333333333333
0 0.242578125 0.6333333333333333 0.03046875 0.11944444444444445
0 0.2796875 0.5340277777777778 0.0265625 0.09027777777777778
0 0.414453125 0.4888888888888889 0.01640625 0.08333333333333333
0 0.410546875 0.45625 0.02421875 0.08194444444444444
0 0.490234375 0.4125 0.01640625 0.06111111111111111
0 0.478125 0.39375 0.021875 0.07083333333333333
7 0.12265625 0.4409722222222222 0.225 0.18194444444444444