4 0.183203125 0.1 0.22734375 0.07777777777777778
4 0.040625 0.11319444444444444 0.025 0.03194444444444444
4 0.937890625 0.9159722222222222 0.05390625 0.0763888888888889
0 0.2953125 0.5854166666666667 0.0265625 0.07916666666666666
0 0.35 0.575 0.0390625 0.08611111111111111
0 0.620703125 0.5875 0.04140625 0.09722222222222222
0 0.77265625 0.6090277777777777 0.025 0.0875
2 0.8234375 0.6256944444444444 0.0265625 0.09583333333333334
0 0.76953125 0.5215277777777778 0.03125 0.0875
1 0.7703125 0.4423611111111111 0.0203125 0.0763888888888889
0 0.919140625 0.4888888888888889 0.01171875 0.07777777777777778
0 0.937890625 0.4888888888888889 0.01171875 0.08611111111111111
0 0.95078125 0.47847222222222224 0.0125 0.07361111111111111
7 0.76328125 0.42083333333333334 0.153125 0.11666666666666667