4 0.939453125 0.9180555555555555 0.05390625 0.07222222222222222
4 0.1828125 0.17222222222222222 0.225 0.15555555555555556
4 0.04140625 0.11736111111111111 0.0234375 0.04027777777777778
3 0.287890625 0.5756944444444444 0.01640625 0.015277777777777777
0 0.23046875 0.5416666666666666 0.053125 0.1111111111111111
0 0.3875 0.44583333333333336 0.0328125 0.1
0 0.427734375 0.4534722222222222 0.01796875 0.10138888888888889
0 0.430078125 0.3902777777777778 0.02578125 0.08888888888888889
0 0.4203125 0.5263888888888889 0.028125 0.10277777777777777
0 0.0265625 0.8180555555555555 0.053125 0.175
0 0.65234375 0.5777777777777777 0.028125 0.125
0 0.709375 0.6118055555555556 0.0421875 0.10972222222222222
0 0.676171875 0.4666666666666667 0.02265625 0.10555555555555556
0 0.8359375 0.40347222222222223 0.0265625 0.08194444444444444
0 0.866015625 0.5381944444444444 0.02578125 0.12361111111111112
2 0.9546875 0.5652777777777778 0.0296875 0.11666666666666667
0 0.9859375 0.6236111111111111 0.028125 0.13333333333333333