4 0.937890625 0.9118055555555555 0.05546875 0.08194444444444444
4 0.183203125 0.11736111111111111 0.22109375 0.04583333333333333
4 0.04140625 0.11666666666666667 0.028125 0.041666666666666664
3 0.522265625 0.4409722222222222 0.01171875 0.020833333333333332
1 0.2328125 0.38333333333333336 0.0359375 0.08055555555555556
7 0.095703125 0.34791666666666665 0.19140625 0.19027777777777777
6 0.73828125 0.27291666666666664 0.0203125 0.07916666666666666
0 0.299609375 0.45069444444444445 0.04765625 0.09583333333333334
0 0.21953125 0.5020833333333333 0.065625 0.13194444444444445
0 0.347265625 0.5708333333333333 0.03359375 0.1361111111111111
0 0.275390625 0.7611111111111111 0.05703125 0.2
0 0.360546875 0.925 0.04296875 0.15
0 0.74375 0.7611111111111111 0.046875 0.19722222222222222
0 0.8265625 0.48055555555555557 0.03125 0.11388888888888889
0 0.65859375 0.38680555555555557 0.0375 0.09027777777777778
0 0.65 0.5166666666666667 0.0296875 0.13333333333333333
2 0.973828125 0.7458333333333333 0.05234375 0.17222222222222222
0 0.521875 0.4027777777777778 0.04375 0.09722222222222222