4 0.93671875 0.9166666666666666 0.0546875 0.075
4 0.18125 0.11666666666666667 0.2234375 0.044444444444444446
4 0.041015625 0.11805555555555555 0.02578125 0.03888888888888889
6 0.044921875 0.40069444444444446 0.02734375 0.0875
3 0.60625 0.56875 0.0109375 0.0125
1 0.58671875 0.5159722222222223 0.0421875 0.1125
0 0.494921875 0.5034722222222222 0.04140625 0.10694444444444444
0 0.278515625 0.4534722222222222 0.03046875 0.09305555555555556
6 0.738671875 0.47430555555555554 0.25078125 0.18472222222222223
0 0.537109375 0.8430555555555556 0.05078125 0.16944444444444445
0 0.4375 0.6555555555555556 0.0375 0.1361111111111111
0 0.255859375 0.7902777777777777 0.05234375 0.1527777777777778
0 0.03359375 0.6486111111111111 0.0671875 0.14166666666666666