4 0.934375 0.9159722222222222 0.0625 0.09305555555555556
4 0.182421875 0.11666666666666667 0.22109375 0.04722222222222222
4 0.041015625 0.11597222222222223 0.02578125 0.034722222222222224
6 0.430078125 0.2152777777777778 0.03515625 0.09166666666666666
3 0.749609375 0.5798611111111112 0.01953125 0.03194444444444444
0 0.14609375 0.35694444444444445 0.025 0.09722222222222222
0 0.121484375 0.4215277777777778 0.04765625 0.14305555555555555
0 0.15234375 0.5402777777777777 0.04375 0.14444444444444443
0 0.35390625 0.43333333333333335 0.05 0.14166666666666666
0 0.46796875 0.35 0.046875 0.10833333333333334
2 0.474609375 0.6805555555555556 0.04921875 0.18333333333333332
0 0.631640625 0.73125 0.06953125 0.2013888888888889
0 0.7859375 0.5284722222222222 0.0484375 0.1597222222222222
0 0.60703125 0.925 0.05625 0.15