4 0.182421875 0.17083333333333334 0.22421875 0.15833333333333333
4 0.040625 0.11666666666666667 0.0265625 0.030555555555555555
4 0.935546875 0.9152777777777777 0.06015625 0.08055555555555556
1 0.9234375 0.2972222222222222 0.0265625 0.11388888888888889
7 0.951953125 0.2534722222222222 0.09609375 0.1375
0 0.97734375 0.6111111111111112 0.0453125 0.14444444444444443
0 0.7640625 0.49444444444444446 0.0375 0.1361111111111111
3 0.398828125 0.2916666666666667 0.00859375 0.013888888888888888
6 0.438671875 0.18680555555555556 0.01640625 0.059722222222222225
0 0.41015625 0.2590277777777778 0.0171875 0.09027777777777778
0 0.548828125 0.2951388888888889 0.03671875 0.0875
0 0.2875 0.3388888888888889 0.0296875 0.08611111111111111
0 0.252734375 0.33958333333333335 0.03203125 0.09583333333333334
0 0.11328125 0.3013888888888889 0.034375 0.09722222222222222
0 0.13515625 0.5118055555555555 0.046875 0.1125
0 0.15 0.5951388888888889 0.0453125 0.12361111111111112
2 0.006640625 0.4791666666666667 0.01328125 0.10277777777777777