4 0.9375 0.9236111111111112 0.0609375 0.08888888888888889
0 0.92421875 0.8715277777777778 0.040625 0.18472222222222223
6 0.980859375 0.3506944444444444 0.03515625 0.07916666666666666
0 0.766796875 0.49027777777777776 0.03046875 0.08611111111111111
0 0.752734375 0.44166666666666665 0.02578125 0.08055555555555556
0 0.6875 0.3993055555555556 0.0234375 0.07361111111111111
0 0.66328125 0.4354166666666667 0.0328125 0.0763888888888889
4 0.18203125 0.11805555555555555 0.225 0.041666666666666664
4 0.040234375 0.11736111111111111 0.02265625 0.03194444444444444
2 0.300390625 0.49444444444444446 0.02265625 0.08611111111111111
0 0.43125 0.4166666666666667 0.021875 0.06666666666666667
0 0.4359375 0.4201388888888889 0.0203125 0.05694444444444444
0 0.301953125 0.4284722222222222 0.02578125 0.08194444444444444
0 0.280078125 0.44583333333333336 0.02421875 0.08333333333333333
0 0.168359375 0.5798611111111112 0.03046875 0.10138888888888889
0 0.06796875 0.4875 0.0265625 0.09722222222222222
0 0.3171875 0.63125 0.034375 0.10972222222222222