4 0.939453125 0.9145833333333333 0.05546875 0.07916666666666666
4 0.183203125 0.11805555555555555 0.22265625 0.044444444444444446
4 0.040625 0.11736111111111111 0.028125 0.034722222222222224
3 0.728125 0.6215277777777778 0.021875 0.02361111111111111
0 0.9421875 0.5847222222222223 0.05 0.17222222222222222
0 0.779296875 0.49722222222222223 0.04296875 0.14166666666666666
1 0.50390625 0.20833333333333334 0.03125 0.09166666666666666
7 0.54296875 0.18194444444444444 0.2390625 0.1638888888888889
0 0.497265625 0.5479166666666667 0.04609375 0.12638888888888888
0 0.47109375 0.49583333333333335 0.0390625 0.12777777777777777
0 0.425390625 0.34652777777777777 0.03046875 0.12916666666666668
0 0.265625 0.2875 0.034375 0.11666666666666667
0 0.24609375 0.37777777777777777 0.0375 0.1111111111111111
0 0.214453125 0.3125 0.04140625 0.11388888888888889
0 0.147265625 0.2777777777777778 0.02734375 0.125
0 0.0609375 0.30625 0.01875 0.10972222222222222
0 0.05 0.25 0.0265625 0.09166666666666666