4 0.9359375 0.9138888888888889 0.059375 0.08611111111111111
4 0.181640625 0.11597222222222223 0.22421875 0.04583333333333333
4 0.04140625 0.11597222222222223 0.0234375 0.034722222222222224
6 0.23046875 0.2152777777777778 0.0171875 0.05555555555555555
3 0.655078125 0.40208333333333335 0.00546875 0.0125
1 0.6546875 0.3597222222222222 0.021875 0.08611111111111111
7 0.631640625 0.25625 0.14921875 0.10972222222222222
0 0.743359375 0.45555555555555555 0.02109375 0.08333333333333333
0 0.628515625 0.8284722222222223 0.06640625 0.15138888888888888
0 0.373828125 0.6138888888888889 0.03828125 0.14166666666666666
0 0.2703125 0.5201388888888889 0.034375 0.10416666666666667
0 0.3046875 0.4263888888888889 0.021875 0.08888888888888889
0 0.294140625 0.34305555555555556 0.01484375 0.07222222222222222