4 0.93671875 0.9166666666666666 0.053125 0.09166666666666666
4 0.1828125 0.11666666666666667 0.221875 0.041666666666666664
4 0.041015625 0.11736111111111111 0.02578125 0.04027777777777778
3 0.091015625 0.5881944444444445 0.01015625 0.018055555555555554
1 0.081640625 0.6055555555555555 0.03671875 0.1388888888888889
0 0.141796875 0.5722222222222222 0.03984375 0.125
0 0.255859375 0.6805555555555556 0.03828125 0.13333333333333333
7 0.40546875 0.46875 0.2671875 0.20416666666666666
0 0.7125 0.4965277777777778 0.0296875 0.11527777777777778
0 0.844921875 0.5847222222222223 0.05546875 0.14444444444444443
2 0.951171875 0.6576388888888889 0.03828125 0.1486111111111111
0 0.9921875 0.6555555555555556 0.015625 0.12777777777777777
0 0.503515625 0.9020833333333333 0.06953125 0.18194444444444444
0 0.573828125 0.6895833333333333 0.03203125 0.13472222222222222
0 0.557421875 0.6493055555555556 0.03828125 0.12916666666666668
0 0.61875 0.5527777777777778 0.025 0.11388888888888889
0 0.354296875 0.5458333333333333 0.03203125 0.13055555555555556