4 0.9375 0.9152777777777777 0.0546875 0.07777777777777778
4 0.182421875 0.11666666666666667 0.22265625 0.041666666666666664
4 0.041796875 0.11736111111111111 0.02421875 0.034722222222222224
3 0.33359375 0.49236111111111114 0.0078125 0.0125
2 0.5203125 0.5527777777777778 0.0234375 0.10277777777777777
0 0.466796875 0.6208333333333333 0.03515625 0.10833333333333334
0 0.27265625 0.5756944444444444 0.0234375 0.11527777777777778
0 0.016796875 0.5868055555555556 0.03359375 0.12916666666666668
0 0.28515625 0.5006944444444444 0.040625 0.08194444444444444
0 0.31953125 0.4618055555555556 0.021875 0.07361111111111111
0 0.38515625 0.4152777777777778 0.0171875 0.06388888888888888
0 0.44296875 0.4479166666666667 0.0265625 0.07361111111111111
0 0.51171875 0.5097222222222222 0.03125 0.08888888888888889
0 0.56875 0.49583333333333335 0.0203125 0.08611111111111111
0 0.5390625 0.41180555555555554 0.0234375 0.05138888888888889
0 0.640625 0.42291666666666666 0.0171875 0.0763888888888889
0 0.705859375 0.5027777777777778 0.02890625 0.08611111111111111
0 0.76171875 0.49027777777777776 0.0375 0.08611111111111111
0 0.94140625 0.5993055555555555 0.0359375 0.11527777777777778
0 0.969921875 0.5673611111111111 0.06015625 0.1125
0 0.9640625 0.5298611111111111 0.0265625 0.10694444444444444