4 0.937890625 0.9159722222222222 0.05703125 0.07916666666666666
4 0.18203125 0.11666666666666667 0.2234375 0.044444444444444446
4 0.040625 0.11736111111111111 0.021875 0.0375
3 0.378125 0.6277777777777778 0.015625 0.027777777777777776
2 0.32421875 0.5270833333333333 0.0546875 0.17083333333333334
0 0.11484375 0.9201388888888888 0.0703125 0.1597222222222222
0 0.025 0.5423611111111111 0.05 0.15694444444444444
0 0.195703125 0.34791666666666665 0.03984375 0.1125
0 0.232421875 0.29444444444444445 0.03203125 0.10555555555555556
0 0.412109375 0.54375 0.04140625 0.15138888888888888
0 0.3296875 0.6638888888888889 0.078125 0.18888888888888888
0 0.562890625 0.6631944444444444 0.04921875 0.1763888888888889
0 0.655078125 0.5402777777777777 0.04609375 0.15
0 0.7296875 0.3173611111111111 0.034375 0.11527777777777778