4 0.935546875 0.9145833333333333 0.05390625 0.0763888888888889
2 0.990625 0.6618055555555555 0.01875 0.12083333333333333
3 0.6875 0.4625 0.0078125 0.013888888888888888
6 0.351953125 0.3215277777777778 0.02421875 0.07083333333333333
4 0.18203125 0.11666666666666667 0.228125 0.05
4 0.0421875 0.12083333333333333 0.025 0.044444444444444446
0 0.295703125 0.4513888888888889 0.02734375 0.10555555555555556
0 0.276171875 0.6166666666666667 0.04140625 0.1361111111111111
0 0.427734375 0.6652777777777777 0.03828125 0.12777777777777777
0 0.47578125 0.76875 0.0546875 0.1375
0 0.911328125 0.48194444444444445 0.02578125 0.09722222222222222
0 0.776171875 0.39861111111111114 0.01796875 0.06944444444444445
0 0.740625 0.5930555555555556 0.04375 0.12222222222222222
0 0.713671875 0.5583333333333333 0.04765625 0.11666666666666667
0 0.699609375 0.49027777777777776 0.04453125 0.10555555555555556