3 0.8609375 0.49166666666666664 0.0140625 0.019444444444444445
0 0.9484375 0.45069444444444445 0.0296875 0.11805555555555555
6 0.77109375 0.15486111111111112 0.015625 0.0625
0 0.459765625 0.25833333333333336 0.02109375 0.08611111111111111
0 0.4203125 0.36180555555555555 0.0328125 0.10138888888888889
0 0.393359375 0.6486111111111111 0.03828125 0.13055555555555556
0 0.28515625 0.6138888888888889 0.0359375 0.125
0 0.3375 0.42569444444444443 0.028125 0.10972222222222222
0 0.35703125 0.3472222222222222 0.021875 0.1
0 0.125390625 0.31875 0.02421875 0.08194444444444444
0 0.154296875 0.23680555555555555 0.03046875 0.07361111111111111
0 0.028125 0.475 0.0328125 0.09166666666666666