5 0.337109375 0.36875 0.00859375 0.006944444444444444
2 0.450390625 0.4840277777777778 0.02265625 0.12361111111111112
1 0.1046875 0.29097222222222224 0.0234375 0.10416666666666667
7 0.0828125 0.26875 0.165625 0.1736111111111111
6 0.565625 0.1527777777777778 0.025 0.06944444444444445
3 0.716015625 0.69375 0.01640625 0.018055555555555554
0 0.759765625 0.6055555555555555 0.03984375 0.125
0 0.6578125 0.55625 0.0421875 0.10416666666666667
0 0.71015625 0.42916666666666664 0.0265625 0.11388888888888889
0 0.64140625 0.30972222222222223 0.025 0.09722222222222222
0 0.56796875 0.32083333333333336 0.015625 0.08611111111111111
0 0.499609375 0.34930555555555554 0.03984375 0.10694444444444444
0 0.4171875 0.37777777777777777 0.0171875 0.08888888888888889
0 0.436328125 0.3784722222222222 0.01953125 0.09027777777777778
0 0.447265625 0.44027777777777777 0.02265625 0.09166666666666666
0 0.38359375 0.5645833333333333 0.0203125 0.1375
0 0.250390625 0.7527777777777778 0.03671875 0.16111111111111112
0 0.251953125 0.4444444444444444 0.02578125 0.10277777777777777
0 0.95859375 0.3236111111111111 0.0375 0.10833333333333334
0 0.957421875 0.41805555555555557 0.03359375 0.125