5 0.495703125 0.31875 0.00703125 0.009722222222222222
3 0.29375 0.6583333333333333 0.0125 0.019444444444444445
1 0.353125 0.25972222222222224 0.015625 0.06944444444444445
7 0.2859375 0.23402777777777778 0.153125 0.12638888888888888
6 0.686328125 0.1361111111111111 0.01640625 0.05555555555555555
2 0.66015625 0.4479166666666667 0.0296875 0.10138888888888889
0 0.55234375 0.3326388888888889 0.0234375 0.0875
0 0.60390625 0.3402777777777778 0.028125 0.075
0 0.646484375 0.30486111111111114 0.01953125 0.08194444444444444
0 0.767578125 0.26805555555555555 0.02265625 0.075
0 0.85859375 0.26319444444444445 0.0203125 0.0625
0 0.807421875 0.41041666666666665 0.02265625 0.10416666666666667
0 0.990234375 0.39444444444444443 0.01953125 0.1
0 0.887890625 0.7138888888888889 0.03984375 0.15
0 0.53515625 0.5458333333333333 0.0453125 0.11944444444444445
0 0.497265625 0.6145833333333334 0.03828125 0.10972222222222222
0 0.446875 0.5777777777777777 0.0375 0.10833333333333334
0 0.433984375 0.4930555555555556 0.03203125 0.09722222222222222
0 0.387109375 0.5861111111111111 0.03203125 0.09444444444444444
0 0.38671875 0.4930555555555556 0.028125 0.10277777777777777
0 0.36484375 0.4527777777777778 0.0359375 0.10555555555555556
0 0.198046875 0.525 0.04609375 0.10555555555555556
0 0.07578125 0.6333333333333333 0.0296875 0.13055555555555556