5 0.36015625 0.38680555555555557 0.0078125 0.009722222222222222
1 0.5984375 0.35694444444444445 0.021875 0.07222222222222222
3 0.509375 0.39652777777777776 0.0109375 0.018055555555555554
0 0.469921875 0.49722222222222223 0.03046875 0.11666666666666667
0 0.496875 0.4 0.0328125 0.08333333333333333
0 0.458984375 0.3729166666666667 0.03046875 0.07361111111111111
0 0.455859375 0.34097222222222223 0.02578125 0.0625
0 0.430078125 0.32708333333333334 0.03046875 0.07083333333333333
0 0.42421875 0.3875 0.03125 0.07777777777777778
0 0.394140625 0.3819444444444444 0.02734375 0.08888888888888889
7 0.678515625 0.3236111111111111 0.11796875 0.17777777777777778
2 0.062109375 0.3923611111111111 0.02421875 0.10694444444444444
0 0.29140625 0.4083333333333333 0.03125 0.1
6 0.4765625 0.19375 0.0171875 0.05416666666666667
0 0.3890625 0.8263888888888888 0.04375 0.15555555555555556
0 0.4671875 0.7611111111111111 0.053125 0.19166666666666668
0 0.681640625 0.8763888888888889 0.06328125 0.18888888888888888