5 0.251953125 0.6597222222222222 0.00859375 0.013888888888888888
1 0.142578125 0.5208333333333334 0.04453125 0.12222222222222222
2 0.487109375 0.65625 0.03359375 0.13194444444444445
7 0.011328125 0.4965277777777778 0.02265625 0.17083333333333334
0 0.06953125 0.58125 0.0421875 0.12638888888888888
0 0.15546875 0.5805555555555556 0.0265625 0.11388888888888889
0 0.221484375 0.5451388888888888 0.02578125 0.12361111111111112
0 0.253515625 0.5076388888888889 0.02734375 0.10972222222222222
0 0.3734375 0.4861111111111111 0.028125 0.1
0 0.36484375 0.5291666666666667 0.0265625 0.10833333333333334
0 0.39453125 0.5222222222222223 0.0265625 0.1
0 0.491796875 0.4826388888888889 0.01640625 0.09583333333333334
0 0.478515625 0.44027777777777777 0.01796875 0.09444444444444444
0 0.5328125 0.4048611111111111 0.03125 0.07916666666666666
6 0.555078125 0.36666666666666664 0.02421875 0.08611111111111111
0 0.7765625 0.5486111111111112 0.0359375 0.11666666666666667
0 0.905078125 0.4527777777777778 0.02265625 0.09722222222222222
3 0.88046875 0.4215277777777778 0.00625 0.0125
0 0.7546875 0.7138888888888889 0.025 0.13055555555555556
0 0.80703125 0.7659722222222223 0.053125 0.15694444444444444
0 0.284375 0.9604166666666667 0.0296875 0.07916666666666666
0 0.302734375 0.6708333333333333 0.04296875 0.12777777777777777