6 0.12890625 0.24513888888888888 0.0265625 0.05694444444444444
2 0.61796875 0.48194444444444445 0.025 0.10277777777777777
0 0.13515625 0.64375 0.028125 0.12916666666666668
0 0.326953125 0.6006944444444444 0.02421875 0.12361111111111112
0 0.182421875 0.47291666666666665 0.01953125 0.09861111111111111
0 0.437109375 0.3645833333333333 0.02578125 0.08472222222222223
0 0.6484375 0.5229166666666667 0.0234375 0.09861111111111111
0 0.71796875 0.3486111111111111 0.01875 0.08611111111111111
0 0.580859375 0.3715277777777778 0.01484375 0.08194444444444444
3 0.5734375 0.3638888888888889 0.0078125 0.013888888888888888
0 0.593359375 0.3402777777777778 0.01484375 0.06388888888888888
0 0.623828125 0.35347222222222224 0.02265625 0.0625
0 0.629296875 0.3333333333333333 0.01484375 0.06111111111111111
0 0.563671875 0.3388888888888889 0.01328125 0.07777777777777778
0 0.5734375 0.34097222222222223 0.015625 0.059722222222222225
0 0.947265625 0.4076388888888889 0.02421875 0.10972222222222222
0 0.94921875 0.4263888888888889 0.0265625 0.09722222222222222
0 0.99375 0.50625 0.0125 0.10416666666666667