5 0.11484375 0.46041666666666664 0.0046875 0.006944444444444444
3 0.83046875 0.6430555555555556 0.0109375 0.016666666666666666
1 0.30703125 0.38333333333333336 0.0328125 0.05555555555555555
0 0.75 0.5826388888888889 0.021875 0.12638888888888888
0 0.815625 0.6034722222222222 0.034375 0.10416666666666667
0 0.801953125 0.7423611111111111 0.02109375 0.13472222222222222
0 0.425 0.5729166666666666 0.0234375 0.10972222222222222
0 0.326171875 0.5409722222222222 0.02734375 0.09027777777777778
0 0.3546875 0.4625 0.0125 0.09722222222222222
7 0.357421875 0.35 0.17109375 0.14444444444444443
0 0.194921875 0.42291666666666666 0.02578125 0.08472222222222223
0 0.10546875 0.6555555555555556 0.028125 0.11666666666666667
0 0.034375 0.6993055555555555 0.034375 0.12638888888888888
0 0.15625 0.4777777777777778 0.0203125 0.10833333333333334
0 0.13203125 0.42083333333333334 0.01875 0.09166666666666666
0 0.1203125 0.4166666666666667 0.0203125 0.08888888888888889