5 0.83984375 0.4895833333333333 0.0078125 0.004166666666666667
6 0.596875 0.26458333333333334 0.025 0.0763888888888889
3 0.191015625 0.3736111111111111 0.00546875 0.011111111111111112
2 0.37890625 0.41388888888888886 0.0234375 0.09722222222222222
0 0.037109375 0.8298611111111112 0.04453125 0.16527777777777777
0 0.137109375 0.79375 0.04296875 0.1625
0 0.05859375 0.5222222222222223 0.021875 0.1111111111111111
0 0.061328125 0.49930555555555556 0.03046875 0.10694444444444444
0 0.04375 0.3770833333333333 0.01875 0.09305555555555556
0 0.1328125 0.41041666666666665 0.021875 0.08472222222222223
0 0.1765625 0.34930555555555554 0.034375 0.0875
0 0.3265625 0.3541666666666667 0.021875 0.09166666666666666
0 0.3234375 0.39444444444444443 0.034375 0.09166666666666666
0 0.43125 0.3763888888888889 0.03125 0.09166666666666666
0 0.459765625 0.41875 0.02265625 0.10694444444444444
0 0.48359375 0.5430555555555555 0.028125 0.11388888888888889
0 0.584765625 0.49583333333333335 0.02421875 0.1111111111111111
0 0.7703125 0.46111111111111114 0.0125 0.08888888888888889
0 0.787109375 0.4395833333333333 0.02578125 0.10138888888888889
0 0.86796875 0.5090277777777777 0.0296875 0.1125