3 0.1578125 0.6444444444444445 0.0078125 0.016666666666666666
5 0.881640625 0.47708333333333336 0.00546875 0.006944444444444444
1 0.69609375 0.4041666666666667 0.034375 0.07222222222222222
2 0.8671875 0.5673611111111111 0.0265625 0.10138888888888889
0 0.517578125 0.6138888888888889 0.02421875 0.09166666666666666
0 0.594140625 0.5284722222222222 0.02421875 0.08194444444444444
0 0.708984375 0.5576388888888889 0.03984375 0.08472222222222223
0 0.727734375 0.6222222222222222 0.02421875 0.10277777777777777
0 0.790234375 0.4388888888888889 0.01796875 0.075
0 0.8765625 0.42986111111111114 0.021875 0.07916666666666666
0 0.89609375 0.4395833333333333 0.0234375 0.0763888888888889
0 0.94921875 0.41805555555555557 0.025 0.07222222222222222
0 0.1484375 0.6152777777777778 0.03125 0.07777777777777778
0 0.258984375 0.5770833333333333 0.03046875 0.09027777777777778
0 0.3125 0.6354166666666666 0.021875 0.09305555555555556
0 0.35390625 0.7451388888888889 0.034375 0.12083333333333333
0 0.99296875 0.8097222222222222 0.0140625 0.1388888888888889
6 0.00390625 0.6333333333333333 0.0078125 0.04722222222222222
7 0.669140625 0.38263888888888886 0.15234375 0.12083333333333333