5 0.3125 0.3333333333333333 0.00625 0.011111111111111112
1 0.225 0.33194444444444443 0.0140625 0.07777777777777778
7 0.139453125 0.25416666666666665 0.13046875 0.11666666666666667
6 0.479296875 0.15416666666666667 0.01328125 0.041666666666666664
2 0.81640625 0.5159722222222223 0.034375 0.08472222222222223
0 0.96171875 0.41180555555555554 0.028125 0.07361111111111111
0 0.99453125 0.34791666666666665 0.0109375 0.059722222222222225
0 0.730859375 0.39791666666666664 0.02734375 0.07083333333333333
0 0.914453125 0.6486111111111111 0.04140625 0.11388888888888889
0 0.983984375 0.6861111111111111 0.03203125 0.11666666666666667
0 0.7640625 0.75 0.04375 0.10833333333333334
0 0.68828125 0.95 0.0359375 0.1
0 0.49921875 0.8958333333333334 0.0265625 0.12222222222222222
0 0.60859375 0.6430555555555556 0.0296875 0.09444444444444444
0 0.54765625 0.5430555555555555 0.0359375 0.08333333333333333
0 0.47421875 0.5590277777777778 0.0265625 0.09027777777777778
0 0.37890625 0.5486111111111112 0.0296875 0.08333333333333333