3 0.166796875 0.7034722222222223 0.01015625 0.015277777777777777
6 0.1203125 0.2916666666666667 0.00625 0.008333333333333333
7 0.012890625 0.22569444444444445 0.02578125 0.06805555555555555
6 0.248046875 0.13472222222222222 0.01640625 0.03611111111111111
0 0.297265625 0.5743055555555555 0.04609375 0.07361111111111111
0 0.402734375 0.6041666666666666 0.02421875 0.08055555555555556
0 0.465234375 0.44513888888888886 0.02734375 0.0763888888888889
0 0.51640625 0.34930555555555554 0.0203125 0.07083333333333333
0 0.578515625 0.4576388888888889 0.02109375 0.0763888888888889
2 0.628125 0.41805555555555557 0.0203125 0.06666666666666667
0 0.604296875 0.23541666666666666 0.01328125 0.04861111111111111
0 0.7171875 0.2423611111111111 0.0125 0.04583333333333333
0 0.612109375 0.6895833333333333 0.02734375 0.10694444444444444
0 0.5109375 0.7930555555555555 0.034375 0.09722222222222222
0 0.5609375 0.9402777777777778 0.0453125 0.11944444444444445
0 0.7234375 0.9784722222222222 0.025 0.043055555555555555
0 0.93359375 0.3923611111111111 0.0140625 0.07083333333333333
1 0.040625 0.325 0.025 0.05277777777777778