6 0.858203125 0.018055555555555554 0.02578125 0.03611111111111111
3 0.591015625 0.4888888888888889 0.01015625 0.013888888888888888
2 0.559765625 0.375 0.02578125 0.11944444444444445
0 0.758203125 0.2548611111111111 0.02578125 0.0875
0 0.90703125 0.32916666666666666 0.0265625 0.10833333333333334
0 0.98125 0.2875 0.0296875 0.10833333333333334
0 0.82734375 0.5430555555555555 0.0328125 0.12222222222222222
0 0.604296875 0.7659722222222223 0.06328125 0.1486111111111111
0 0.41015625 0.7708333333333334 0.0609375 0.15555555555555556
0 0.5515625 0.9840277777777777 0.028125 0.03194444444444444
0 0.57890625 0.4548611111111111 0.0296875 0.10972222222222222
0 0.602734375 0.47152777777777777 0.04453125 0.08194444444444444
0 0.63203125 0.46458333333333335 0.021875 0.10694444444444444
0 0.47890625 0.27569444444444446 0.0390625 0.09027777777777778
0 0.260546875 0.27152777777777776 0.03828125 0.0875
0 0.1875 0.3527777777777778 0.053125 0.09722222222222222
0 0.020703125 0.5569444444444445 0.04140625 0.1388888888888889