3 0.6609375 0.8979166666666667 0.009375 0.018055555555555554
1 0.4078125 0.21875 0.0203125 0.0875
7 0.47421875 0.1763888888888889 0.171875 0.15555555555555556
2 0.1359375 0.40555555555555556 0.040625 0.10833333333333334
0 0.2640625 0.5236111111111111 0.0328125 0.11388888888888889
0 0.036328125 0.5833333333333334 0.03828125 0.11388888888888889
0 0.032421875 0.21805555555555556 0.02890625 0.09444444444444444
0 0.078125 0.28541666666666665 0.0296875 0.09027777777777778
0 0.16796875 0.25069444444444444 0.01875 0.08194444444444444
0 0.218359375 0.2777777777777778 0.01328125 0.08888888888888889
0 0.266015625 0.2625 0.01953125 0.09444444444444444
0 0.25625 0.34652777777777777 0.0359375 0.09027777777777778
0 0.367578125 0.2916666666666667 0.02578125 0.08611111111111111
0 0.65546875 0.8638888888888889 0.0375 0.1638888888888889
0 0.69921875 0.5513888888888889 0.034375 0.11666666666666667
0 0.710546875 0.6722222222222223 0.03359375 0.11944444444444445
0 0.77734375 0.5430555555555555 0.040625 0.1111111111111111
0 0.785546875 0.5888888888888889 0.02421875 0.10555555555555556
0 0.8234375 0.5381944444444444 0.0296875 0.12916666666666668
0 0.115234375 0.7743055555555556 0.04453125 0.16527777777777777
0 0.0828125 0.9243055555555556 0.0421875 0.1486111111111111