5 0.50234375 0.46944444444444444 0.009375 0.008333333333333333
1 0.28359375 0.40208333333333335 0.0265625 0.07916666666666666
6 0.752734375 0.21875 0.02734375 0.0625
7 0.26875 0.34791666666666665 0.175 0.16805555555555557
2 0.963671875 0.6347222222222222 0.04140625 0.11944444444444445
0 0.91796875 0.8590277777777777 0.0703125 0.13472222222222222
0 0.978125 0.5458333333333333 0.04375 0.09722222222222222
0 0.98359375 0.36944444444444446 0.028125 0.08333333333333333
0 0.841796875 0.4 0.03203125 0.09722222222222222
0 0.865234375 0.5868055555555556 0.02734375 0.09583333333333334
0 0.72734375 0.5180555555555556 0.0390625 0.09444444444444444
0 0.684375 0.4583333333333333 0.0265625 0.1
0 0.65625 0.6368055555555555 0.04375 0.10694444444444444
0 0.587890625 0.6 0.03984375 0.09722222222222222
0 0.51328125 0.5666666666666667 0.0296875 0.09722222222222222
3 0.477734375 0.6451388888888889 0.00703125 0.015277777777777777
0 0.470703125 0.6083333333333333 0.03359375 0.09722222222222222