3 0.29375 0.6375 0.0109375 0.016666666666666666
5 0.86328125 0.5916666666666667 0.0109375 0.013888888888888888
7 0.49375 0.3798611111111111 0.275 0.24305555555555555
1 0.376953125 0.5270833333333333 0.06484375 0.12638888888888888
0 0.3265625 0.5743055555555555 0.0375 0.11805555555555555
0 0.30234375 0.5965277777777778 0.0359375 0.12083333333333333
0 0.622265625 0.6097222222222223 0.03828125 0.14722222222222223
0 0.644140625 0.6847222222222222 0.05234375 0.1388888888888889
0 0.732421875 0.55625 0.05078125 0.15138888888888888
0 0.7640625 0.46041666666666664 0.0421875 0.12916666666666668
0 0.952734375 0.43194444444444446 0.05859375 0.12777777777777777
0 0.78671875 0.8777777777777778 0.0640625 0.20555555555555555