5 0.70390625 0.5243055555555556 0.0078125 0.015277777777777777
1 0.385546875 0.5340277777777778 0.06796875 0.07083333333333333
7 0.208984375 0.40069444444444446 0.19140625 0.32916666666666666
6 0.571875 0.050694444444444445 0.040625 0.0625
0 0.4875 0.63125 0.046875 0.1625
0 0.65078125 0.48541666666666666 0.0234375 0.13472222222222222
0 0.73515625 0.4076388888888889 0.0390625 0.13472222222222222
0 0.815234375 0.3333333333333333 0.03203125 0.11388888888888889
0 0.927734375 0.24791666666666667 0.03359375 0.10138888888888889
0 0.86875 0.46111111111111114 0.0890625 0.044444444444444446
0 0.870703125 0.4625 0.03359375 0.12777777777777777
0 0.8328125 0.5361111111111111 0.03125 0.15
0 0.872265625 0.5763888888888888 0.03671875 0.1527777777777778
0 0.850390625 0.7076388888888889 0.03671875 0.16805555555555557
0 0.98828125 0.39444444444444443 0.0234375 0.13333333333333333