3 0.683203125 0.40347222222222223 0.00546875 0.009722222222222222
5 0.511328125 0.3958333333333333 0.00546875 0.005555555555555556
1 0.691015625 0.3715277777777778 0.01953125 0.06805555555555555
7 0.676953125 0.30625 0.12421875 0.10972222222222222
0 0.87578125 0.49236111111111114 0.0203125 0.07361111111111111
0 0.8640625 0.7763888888888889 0.0328125 0.125
0 0.544921875 0.75625 0.03984375 0.10416666666666667
0 0.55390625 0.44375 0.0203125 0.07083333333333333
0 0.4609375 0.2916666666666667 0.0109375 0.058333333333333334
0 0.213671875 0.65 0.01953125 0.09166666666666666
0 0.31875 0.3638888888888889 0.0109375 0.06111111111111111
6 0.3375 0.21666666666666667 0.0109375 0.03888888888888889
0 0.061328125 0.4222222222222222 0.01953125 0.075
0 0.1046875 0.4361111111111111 0.0171875 0.08055555555555556
0 0.116015625 0.6069444444444444 0.02734375 0.1