3 0.342578125 0.45902777777777776 0.00546875 0.009722222222222222
5 0.485546875 0.37777777777777777 0.00234375 0.005555555555555556
1 0.283984375 0.3854166666666667 0.01640625 0.05694444444444444
6 0.623046875 0.23958333333333334 0.01484375 0.03194444444444444
7 0.357421875 0.3138888888888889 0.09765625 0.09166666666666666
0 0.203515625 0.5895833333333333 0.02890625 0.07916666666666666
0 0.32734375 0.5625 0.015625 0.06666666666666667
0 0.42734375 0.4875 0.0125 0.06944444444444445
0 0.2953125 0.8229166666666666 0.028125 0.1125
0 0.7359375 0.5451388888888888 0.0234375 0.07361111111111111
0 0.78203125 0.6694444444444444 0.028125 0.09166666666666666
2 0.90546875 0.56875 0.025 0.06805555555555555
0 0.9546875 0.4125 0.0171875 0.06666666666666667
0 0.777734375 0.3888888888888889 0.01328125 0.05277777777777778
0 0.91875 0.96875 0.0328125 0.0625