5 0.1359375 0.44027777777777777 0.00625 0.008333333333333333
3 0.894921875 0.6763888888888889 0.00859375 0.013888888888888888
0 0.903515625 0.6395833333333333 0.02734375 0.09583333333333334
0 0.841796875 0.6145833333333334 0.03203125 0.10694444444444444
0 0.536328125 0.74375 0.02890625 0.11805555555555555
0 0.584375 0.9326388888888889 0.0296875 0.13472222222222222
2 0.04765625 0.5243055555555556 0.0265625 0.10416666666666667
1 0.3140625 0.33958333333333335 0.0203125 0.08194444444444444
0 0.083984375 0.65 0.02890625 0.11666666666666667
0 0.243359375 0.4388888888888889 0.01640625 0.09722222222222222
0 0.391015625 0.4152777777777778 0.01953125 0.06944444444444445
0 0.177734375 0.39305555555555555 0.01796875 0.07222222222222222
0 0.18203125 0.3770833333333333 0.0234375 0.06805555555555555
0 0.113671875 0.36736111111111114 0.02265625 0.07361111111111111
7 0.34921875 0.3145833333333333 0.159375 0.14027777777777778
0 0.469921875 0.5743055555555555 0.01796875 0.10416666666666667
0 0.44609375 0.6006944444444444 0.0515625 0.08472222222222223