5 0.2859375 0.475 0.009375 0.013888888888888888
1 0.74453125 0.42430555555555555 0.025 0.10972222222222222
0 0.787890625 0.4576388888888889 0.01640625 0.09861111111111111
0 0.8125 0.4583333333333333 0.0265625 0.09722222222222222
0 0.635546875 0.6666666666666666 0.02890625 0.125
0 0.16484375 0.5076388888888889 0.025 0.1125
0 0.270703125 0.3715277777777778 0.01484375 0.09027777777777778
0 0.084765625 0.4708333333333333 0.02421875 0.10555555555555556
0 0.021484375 0.6979166666666666 0.04296875 0.13194444444444445
7 0.5359375 0.32430555555555557 0.1859375 0.16527777777777777
0 0.941015625 0.5118055555555555 0.02578125 0.0763888888888889