5 0.954296875 0.5368055555555555 0.01015625 0.006944444444444444
6 0.72265625 0.38055555555555554 0.009375 0.03888888888888889
3 0.589453125 0.49930555555555556 0.00546875 0.009722222222222222
1 0.5984375 0.4673611111111111 0.0171875 0.06527777777777778
0 0.5859375 0.6506944444444445 0.040625 0.10694444444444444
0 0.368359375 0.4423611111111111 0.02578125 0.05694444444444444
0 0.3984375 0.51875 0.01875 0.07083333333333333
0 0.226953125 0.5243055555555556 0.02109375 0.07361111111111111
0 0.208203125 0.4708333333333333 0.01796875 0.06111111111111111
0 0.183203125 0.5381944444444444 0.02421875 0.08194444444444444
0 0.1640625 0.75625 0.053125 0.12916666666666668
0 0.371875 0.9402777777777778 0.0359375 0.11944444444444445
4 0.9375 0.9152777777777777 0.0546875 0.08333333333333333
4 0.1828125 0.11875 0.2234375 0.04583333333333333
4 0.04140625 0.11736111111111111 0.0234375 0.034722222222222224