6 0.712109375 0.36180555555555555 0.01953125 0.05416666666666667
0 0.826171875 0.7805555555555556 0.05234375 0.1527777777777778
0 0.816015625 0.5798611111111112 0.03671875 0.09861111111111111
0 0.809375 0.5208333333333334 0.028125 0.08611111111111111
0 0.730078125 0.4722222222222222 0.03203125 0.08888888888888889
0 0.646875 0.44722222222222224 0.025 0.07222222222222222
0 0.644140625 0.525 0.02421875 0.08333333333333333
0 0.58203125 0.4513888888888889 0.025 0.08611111111111111
0 0.503515625 0.41458333333333336 0.02578125 0.06527777777777778
3 0.403515625 0.4263888888888889 0.00546875 0.011111111111111112
0 0.41796875 0.43472222222222223 0.028125 0.06666666666666667
0 0.39765625 0.3993055555555556 0.0109375 0.07083333333333333
0 0.35 0.48541666666666666 0.034375 0.08472222222222223
2 0.290234375 0.4840277777777778 0.01953125 0.08194444444444444
0 0.31953125 0.40625 0.0203125 0.0625
0 0.268359375 0.5222222222222223 0.03359375 0.08888888888888889
0 0.25 0.5506944444444445 0.040625 0.1125
0 0.18125 0.49027777777777776 0.028125 0.09722222222222222
0 0.024609375 0.7118055555555556 0.04921875 0.15416666666666667
0 0.1984375 0.7208333333333333 0.05625 0.11388888888888889
4 0.1828125 0.11666666666666667 0.2234375 0.044444444444444446
4 0.04140625 0.11527777777777778 0.0234375 0.03888888888888889
4 0.9359375 0.9166666666666666 0.059375 0.09166666666666666