5 0.92265625 0.55625 0.009375 0.015277777777777777
6 0.585546875 0.33402777777777776 0.02109375 0.059722222222222225
4 0.93671875 0.9166666666666666 0.05625 0.08611111111111111
0 0.9203125 0.6479166666666667 0.028125 0.13472222222222222
0 0.946484375 0.5270833333333333 0.03359375 0.10416666666666667
0 0.820703125 0.45625 0.02890625 0.10416666666666667
0 0.6578125 0.4847222222222222 0.0375 0.1
0 0.625 0.4465277777777778 0.025 0.09027777777777778
0 0.611328125 0.4270833333333333 0.01796875 0.07916666666666666
0 0.615234375 0.4131944444444444 0.02109375 0.08194444444444444
0 0.619921875 0.3909722222222222 0.02109375 0.0875
0 0.58125 0.3902777777777778 0.0296875 0.06944444444444445
0 0.568359375 0.5076388888888889 0.04609375 0.10972222222222222
0 0.450390625 0.5319444444444444 0.02890625 0.08333333333333333
0 0.502734375 0.3840277777777778 0.02578125 0.07083333333333333
0 0.441015625 0.3923611111111111 0.03203125 0.06805555555555555
0 0.426953125 0.3861111111111111 0.01796875 0.075
0 0.368359375 0.40625 0.03984375 0.07083333333333333
0 0.379296875 0.375 0.02421875 0.075
2 0.355078125 0.4513888888888889 0.03203125 0.1
0 0.085546875 0.45902777777777776 0.02890625 0.09583333333333334
4 0.182421875 0.11805555555555555 0.22265625 0.044444444444444446
4 0.040234375 0.11736111111111111 0.02109375 0.034722222222222224