5 0.204296875 0.39652777777777776 0.00859375 0.009722222222222222
1 0.06484375 0.3840277777777778 0.015625 0.059722222222222225
7 0.0640625 0.34375 0.128125 0.10138888888888889
4 0.041015625 0.11666666666666667 0.02578125 0.03611111111111111
4 0.1828125 0.11736111111111111 0.228125 0.04583333333333333
6 0.36953125 0.27291666666666664 0.01875 0.04027777777777778
0 0.03515625 0.6388888888888888 0.034375 0.1111111111111111
0 0.219140625 0.46875 0.02109375 0.0763888888888889
0 0.29453125 0.5194444444444445 0.028125 0.09166666666666666
0 0.381640625 0.5888888888888889 0.03671875 0.08055555555555556
0 0.12421875 0.8597222222222223 0.0453125 0.13333333333333333
0 0.454296875 0.7236111111111111 0.03984375 0.10555555555555556
2 0.521875 0.5791666666666667 0.0375 0.09166666666666666
0 0.604296875 0.5701388888888889 0.02421875 0.09305555555555556
0 0.522265625 0.4777777777777778 0.02265625 0.08333333333333333
0 0.4515625 0.3736111111111111 0.021875 0.058333333333333334
3 0.553515625 0.3763888888888889 0.01328125 0.011111111111111112
0 0.68203125 0.42430555555555555 0.0203125 0.059722222222222225
0 0.713671875 0.3701388888888889 0.01015625 0.04583333333333333
0 0.841015625 0.38958333333333334 0.02578125 0.04861111111111111
0 0.655078125 0.8840277777777777 0.05078125 0.1486111111111111
0 0.973046875 0.8729166666666667 0.03359375 0.15416666666666667
0 0.948828125 0.6847222222222222 0.03046875 0.12222222222222222
4 0.9375 0.9145833333333333 0.0515625 0.09027777777777778