3 0.465234375 0.2861111111111111 0.00859375 0.013888888888888888
6 0.200390625 0.34791666666666665 0.04140625 0.0875
4 0.04140625 0.11527777777777778 0.0234375 0.03333333333333333
4 0.183203125 0.11597222222222223 0.22265625 0.04583333333333333
4 0.9375 0.9138888888888889 0.05 0.08055555555555556
7 0.858984375 0.4444444444444444 0.25703125 0.2
1 0.782421875 0.4736111111111111 0.04296875 0.11388888888888889
0 0.775390625 0.6555555555555556 0.05234375 0.1388888888888889
0 0.707421875 0.5847222222222223 0.04609375 0.10833333333333334
0 0.586328125 0.5173611111111112 0.03359375 0.12083333333333333
0 0.516015625 0.49375 0.04296875 0.1125
0 0.476171875 0.5222222222222223 0.03203125 0.1
0 0.33515625 0.4597222222222222 0.046875 0.10277777777777777
0 0.13125 0.6958333333333333 0.04375 0.125
0 0.069140625 0.5423611111111111 0.03828125 0.11527777777777778
0 0.055859375 0.5243055555555556 0.03984375 0.11527777777777778
0 0.11875 0.41597222222222224 0.028125 0.08194444444444444
0 0.00625 0.4236111111111111 0.0125 0.10277777777777777