6 0.26328125 0.3541666666666667 0.021875 0.05277777777777778
0 0.2828125 0.3527777777777778 0.0140625 0.05
2 0.37890625 0.4388888888888889 0.0125 0.08055555555555556
5 0.53671875 0.5215277777777778 0.00625 0.006944444444444444
1 0.69296875 0.43472222222222223 0.0171875 0.06666666666666667
0 0.72734375 0.4722222222222222 0.0203125 0.07777777777777778
0 0.70546875 0.4708333333333333 0.009375 0.06666666666666667
0 0.711328125 0.4625 0.02265625 0.08611111111111111
0 0.682421875 0.4534722222222222 0.01484375 0.05694444444444444
0 0.697265625 0.4576388888888889 0.02578125 0.06805555555555555
0 0.68203125 0.44375 0.015625 0.07361111111111111
0 0.66640625 0.4527777777777778 0.0234375 0.06944444444444445
0 0.658984375 0.4638888888888889 0.02109375 0.075
0 0.638671875 0.4625 0.01796875 0.075
0 0.641796875 0.44027777777777777 0.01640625 0.08611111111111111
0 0.5921875 0.4388888888888889 0.0171875 0.075
0 0.59921875 0.42430555555555555 0.0203125 0.06527777777777778
0 0.570703125 0.4097222222222222 0.01484375 0.07222222222222222
0 0.557421875 0.4777777777777778 0.01796875 0.08333333333333333
0 0.526953125 0.45625 0.02265625 0.08194444444444444
0 0.51171875 0.5472222222222223 0.025 0.10833333333333334
7 0.740625 0.4152777777777778 0.175 0.13333333333333333
0 0.35078125 0.47291666666666665 0.0171875 0.08194444444444444
4 0.1828125 0.11736111111111111 0.221875 0.04583333333333333
4 0.04140625 0.11458333333333333 0.025 0.04027777777777778
4 0.937890625 0.9125 0.05234375 0.07777777777777778
3 0.28515625 0.35347222222222224 0.0046875 0.009722222222222222