3 0.824609375 0.6333333333333333 0.01171875 0.019444444444444445
6 0.9203125 0.4756944444444444 0.0375 0.09305555555555556
0 0.89375 0.49027777777777776 0.025 0.1
0 0.834375 0.6569444444444444 0.0203125 0.1361111111111111
0 0.75 0.6777777777777778 0.025 0.15
0 0.677734375 0.5395833333333333 0.05390625 0.11527777777777778
0 0.112890625 0.9458333333333333 0.05078125 0.10833333333333334
0 0.03984375 0.9756944444444444 0.0484375 0.04861111111111111
0 0.273046875 0.6576388888888889 0.02890625 0.1375
0 0.260546875 0.6166666666666667 0.02421875 0.11666666666666667
0 0.290625 0.4625 0.021875 0.10555555555555556
0 0.22578125 0.4756944444444444 0.0234375 0.09583333333333334
1 0.203515625 0.3736111111111111 0.02109375 0.08333333333333333
7 0.188671875 0.3416666666666667 0.16953125 0.11666666666666667