6 0.973828125 0.2111111111111111 0.04140625 0.1
3 0.5828125 0.6826388888888889 0.0171875 0.03194444444444444
2 0.0640625 0.44375 0.05 0.1486111111111111
1 0.202734375 0.10694444444444444 0.02578125 0.08888888888888889
4 0.18046875 0.11736111111111111 0.2234375 0.05138888888888889
4 0.038671875 0.11597222222222223 0.02109375 0.03194444444444444
4 0.940234375 0.9111111111111111 0.05546875 0.075
0 0.64609375 0.5958333333333333 0.05 0.15555555555555556
0 0.68984375 0.6506944444444445 0.04375 0.15416666666666667
0 0.623046875 0.4354166666666667 0.04140625 0.14305555555555555
0 0.6984375 0.2951388888888889 0.0328125 0.1125
0 0.75859375 0.2826388888888889 0.028125 0.10694444444444444
0 0.334765625 0.23819444444444443 0.01171875 0.10694444444444444
0 0.270703125 0.2423611111111111 0.02265625 0.10416666666666667
0 0.14296875 0.6555555555555556 0.0375 0.18055555555555555
7 0.2125 0.07569444444444444 0.171875 0.14305555555555555
0 0.503515625 0.4847222222222222 0.04453125 0.1527777777777778
0 0.519140625 0.6993055555555555 0.06953125 0.17916666666666667
0 0.521484375 0.6527777777777778 0.05546875 0.15555555555555556