5 0.60546875 0.20416666666666666 0.009375 0.011111111111111112
6 0.86328125 0.04097222222222222 0.0296875 0.05138888888888889
0 0.896484375 0.13472222222222222 0.02421875 0.07222222222222222
0 0.80390625 0.19305555555555556 0.01875 0.09166666666666666
0 0.765234375 0.16041666666666668 0.02109375 0.09027777777777778
0 0.76796875 0.225 0.021875 0.09166666666666666
0 0.72890625 0.18263888888888888 0.0203125 0.08472222222222223
2 0.6609375 0.3611111111111111 0.0234375 0.11666666666666667
0 0.63984375 0.21875 0.0203125 0.10972222222222222
0 0.597265625 0.29583333333333334 0.03046875 0.10277777777777777
0 0.575 0.21041666666666667 0.0234375 0.09583333333333334
1 0.485546875 0.1423611111111111 0.02421875 0.07361111111111111
7 0.4265625 0.10486111111111111 0.1578125 0.12361111111111112
3 0.39921875 0.5229166666666667 0.015625 0.029166666666666667
0 0.426953125 0.4618055555555556 0.02734375 0.13194444444444445
0 0.4421875 0.6465277777777778 0.04375 0.15694444444444444
0 0.35078125 0.5715277777777777 0.0375 0.15138888888888888
0 0.4015625 0.4423611111111111 0.0359375 0.13472222222222222
0 0.346875 0.2916666666666667 0.025 0.08888888888888889
0 0.2375 0.3715277777777778 0.0234375 0.1125
4 0.182421875 0.12083333333333333 0.22265625 0.04722222222222222
4 0.042578125 0.11875 0.02421875 0.034722222222222224
0 0.100390625 0.44375 0.03515625 0.12638888888888888
4 0.937890625 0.9166666666666666 0.05546875 0.07777777777777778
0 0.908203125 0.5069444444444444 0.02890625 0.15