3 0.626171875 0.46319444444444446 0.00703125 0.0125
2 0.66328125 0.4222222222222222 0.015625 0.08888888888888889
0 0.566015625 0.5055555555555555 0.02734375 0.10277777777777777
0 0.4546875 0.5625 0.05 0.1
0 0.329296875 0.5493055555555556 0.02109375 0.12083333333333333
0 0.4015625 0.41458333333333336 0.0234375 0.09027777777777778
0 0.712109375 0.375 0.02265625 0.075
0 0.66171875 0.35694444444444445 0.0203125 0.06666666666666667
0 0.67265625 0.46111111111111114 0.021875 0.10277777777777777
0 0.62421875 0.42916666666666664 0.025 0.08333333333333333
0 0.607421875 0.42916666666666664 0.02421875 0.08333333333333333
0 0.591015625 0.4215277777777778 0.01640625 0.09583333333333334
0 0.045703125 0.4361111111111111 0.03515625 0.10277777777777777
4 0.181640625 0.11597222222222223 0.22265625 0.04027777777777778
4 0.040234375 0.11388888888888889 0.02578125 0.03611111111111111
4 0.936328125 0.9125 0.05078125 0.08333333333333333
0 0.9375 0.4166666666666667 0.0234375 0.1111111111111111
0 0.849609375 0.39305555555555555 0.02421875 0.08888888888888889
0 0.830859375 0.3972222222222222 0.02109375 0.09166666666666666
0 0.801953125 0.45 0.02578125 0.09444444444444444