5 0.319921875 0.5659722222222222 0.01953125 0.02361111111111111
1 0.56328125 0.4201388888888889 0.0453125 0.08472222222222223
0 0.63828125 0.45694444444444443 0.0359375 0.14444444444444443
0 0.53828125 0.5777777777777777 0.0375 0.17222222222222222
0 0.526953125 0.36944444444444446 0.04296875 0.14444444444444443
0 0.337890625 0.3854166666666667 0.02265625 0.13472222222222222
0 0.337109375 0.36944444444444446 0.03359375 0.14444444444444443
0 0.28125 0.38958333333333334 0.03125 0.1375
0 0.2140625 0.425 0.0453125 0.14722222222222223
0 0.2078125 0.38125 0.0328125 0.13194444444444445
4 0.182421875 0.11805555555555555 0.22578125 0.041666666666666664
4 0.04140625 0.11944444444444445 0.028125 0.03888888888888889
7 0.722265625 0.35347222222222224 0.35078125 0.2708333333333333
3 0.86953125 0.45416666666666666 0.0125 0.016666666666666666
4 0.936328125 0.9166666666666666 0.05703125 0.07777777777777778
0 0.385546875 0.4847222222222222 0.03203125 0.1638888888888889