5 0.753125 0.2673611111111111 0.0109375 0.009722222222222222
1 0.629296875 0.20972222222222223 0.02421875 0.075
7 0.575 0.17222222222222222 0.15 0.11944444444444445
3 0.15859375 0.6840277777777778 0.0109375 0.020833333333333332
4 0.18125 0.11666666666666667 0.225 0.044444444444444446
4 0.041796875 0.11527777777777778 0.02421875 0.03611111111111111
0 0.1375 0.6465277777777778 0.04375 0.13472222222222222
0 0.203515625 0.5861111111111111 0.03203125 0.12222222222222222
0 0.39375 0.46597222222222223 0.0328125 0.13194444444444445
0 0.415234375 0.5048611111111111 0.02890625 0.1125
0 0.457421875 0.6388888888888888 0.04140625 0.12777777777777777
0 0.578125 0.5201388888888889 0.04375 0.12361111111111112
0 0.6828125 0.37916666666666665 0.021875 0.11388888888888889
0 0.701171875 0.8375 0.04609375 0.18055555555555555
0 0.801953125 0.5729166666666666 0.03359375 0.14583333333333334
2 0.819140625 0.45555555555555555 0.03203125 0.1111111111111111
0 0.830859375 0.26666666666666666 0.01640625 0.09166666666666666
0 0.855078125 0.24791666666666667 0.02734375 0.07916666666666666
0 0.890234375 0.2881944444444444 0.03046875 0.09027777777777778
0 0.944140625 0.22777777777777777 0.02265625 0.08333333333333333
4 0.936328125 0.9166666666666666 0.06171875 0.08888888888888889