3 0.484765625 0.47430555555555554 0.00703125 0.009722222222222222
0 0.368359375 0.46597222222222223 0.01796875 0.06527777777777778
0 0.42578125 0.45625 0.01875 0.0625
0 0.45234375 0.3958333333333333 0.0171875 0.05
0 0.570703125 0.46944444444444444 0.03046875 0.06666666666666667
0 0.44609375 0.5833333333333334 0.0265625 0.09444444444444444
0 0.6484375 0.43333333333333335 0.0171875 0.07222222222222222
2 0.712890625 0.4444444444444444 0.01484375 0.06388888888888888
0 0.7296875 0.46111111111111114 0.0234375 0.06944444444444445
0 0.773046875 0.40902777777777777 0.01640625 0.05416666666666667
0 0.787890625 0.38333333333333336 0.01953125 0.03888888888888889
0 0.82890625 0.4388888888888889 0.0203125 0.06388888888888888
0 0.852734375 0.40555555555555556 0.01328125 0.058333333333333334
0 0.89140625 0.4986111111111111 0.0140625 0.06388888888888888
0 0.903125 0.4388888888888889 0.0109375 0.05555555555555555
0 0.902734375 0.43125 0.01484375 0.06527777777777778
0 0.9859375 0.4777777777777778 0.028125 0.07777777777777778
4 0.9359375 0.9125 0.0578125 0.08611111111111111
4 0.041796875 0.11666666666666667 0.01953125 0.03333333333333333
4 0.18203125 0.11736111111111111 0.2234375 0.04583333333333333