3 0.498046875 0.5958333333333333 0.01796875 0.030555555555555555
2 0.77734375 0.6180555555555556 0.071875 0.2611111111111111
1 0.73671875 0.13333333333333333 0.0578125 0.16666666666666666
7 0.767578125 0.09652777777777778 0.36953125 0.19305555555555556
0 0.844140625 0.27569444444444446 0.04765625 0.19583333333333333
0 0.798828125 0.3701388888888889 0.05859375 0.20694444444444443
0 0.577734375 0.44166666666666665 0.05390625 0.18055555555555555
0 0.481640625 0.5104166666666666 0.05859375 0.18472222222222223
0 0.546484375 0.7729166666666667 0.06328125 0.28194444444444444
0 0.46171875 0.36944444444444446 0.0484375 0.24166666666666667
0 0.337890625 0.49583333333333335 0.05234375 0.15555555555555556
0 0.285546875 0.41597222222222224 0.06171875 0.21805555555555556
3 0.180859375 0.11597222222222223 0.22421875 0.04861111111111111
3 0.041796875 0.11875 0.02421875 0.043055555555555555
3 0.938671875 0.9180555555555555 0.05390625 0.08611111111111111