6 0.830078125 0.37569444444444444 0.02734375 0.06805555555555555
3 0.55 0.44166666666666665 0.009375 0.013888888888888888
2 0.461328125 0.49930555555555556 0.02109375 0.09305555555555556
0 0.489453125 0.46458333333333335 0.01640625 0.08472222222222223
0 0.446875 0.43125 0.034375 0.059722222222222225
0 0.38984375 0.42916666666666664 0.028125 0.06666666666666667
0 0.594140625 0.42777777777777776 0.01953125 0.08333333333333333
0 0.602734375 0.42569444444444443 0.02265625 0.07361111111111111
0 0.603515625 0.47638888888888886 0.03203125 0.08055555555555556
0 0.641015625 0.5194444444444445 0.02578125 0.08333333333333333
0 0.4046875 0.5631944444444444 0.025 0.10972222222222222
0 0.312890625 0.43819444444444444 0.01796875 0.07916666666666666
0 0.284375 0.4777777777777778 0.025 0.08055555555555556
0 0.217578125 0.43333333333333335 0.02421875 0.08055555555555556
0 0.15 0.5319444444444444 0.0359375 0.10833333333333334
0 0.6625 0.6222222222222222 0.03125 0.10833333333333334
0 0.734765625 0.4777777777777778 0.02265625 0.08611111111111111
0 0.835546875 0.5777777777777777 0.02578125 0.11944444444444445
0 0.97890625 0.5618055555555556 0.028125 0.11527777777777778
4 0.935546875 0.9118055555555555 0.06328125 0.07083333333333333
4 0.181640625 0.11805555555555555 0.22421875 0.044444444444444446
4 0.04140625 0.12013888888888889 0.0234375 0.04027777777777778