6 0.84453125 0.375 0.021875 0.05555555555555555
3 0.587890625 0.45902777777777776 0.00703125 0.015277777777777777
0 0.60625 0.4423611111111111 0.0203125 0.07361111111111111
0 0.651953125 0.4388888888888889 0.02890625 0.06388888888888888
0 0.7359375 0.44930555555555557 0.0203125 0.0763888888888889
0 0.7234375 0.5583333333333333 0.025 0.10277777777777777
0 0.6078125 0.6756944444444445 0.028125 0.10694444444444444
0 0.8625 0.5361111111111111 0.0375 0.1
0 0.9109375 0.6256944444444444 0.028125 0.11805555555555555
0 0.498046875 0.5430555555555555 0.02734375 0.08611111111111111
0 0.531640625 0.4222222222222222 0.02265625 0.06388888888888888
0 0.462109375 0.4083333333333333 0.02421875 0.05277777777777778
0 0.4390625 0.4548611111111111 0.021875 0.06805555555555555
0 0.428125 0.44583333333333336 0.0203125 0.06666666666666667
2 0.378515625 0.5055555555555555 0.02578125 0.07777777777777778
0 0.230078125 0.48055555555555557 0.03203125 0.08333333333333333
0 0.2578125 0.5868055555555556 0.0453125 0.10694444444444444
0 0.131640625 0.5548611111111111 0.03046875 0.10694444444444444
0 0.113671875 0.4888888888888889 0.02265625 0.08333333333333333
4 0.1828125 0.11805555555555555 0.221875 0.041666666666666664
4 0.04140625 0.11527777777777778 0.0234375 0.03333333333333333
4 0.9375 0.9145833333333333 0.0546875 0.07916666666666666