5 0.40546875 0.4861111111111111 0.0046875 0.005555555555555556
3 0.462890625 0.7833333333333333 0.01328125 0.022222222222222223
2 0.627734375 0.6277777777777778 0.02578125 0.1388888888888889
1 0.211328125 0.4361111111111111 0.02734375 0.09444444444444444
7 0.13515625 0.39444444444444443 0.1921875 0.1638888888888889
6 0.605078125 0.2972222222222222 0.01953125 0.06388888888888888
0 0.891015625 0.8319444444444445 0.04296875 0.1638888888888889
0 0.9640625 0.4111111111111111 0.03125 0.09722222222222222
0 0.748828125 0.5263888888888889 0.03515625 0.10555555555555556
0 0.66875 0.5472222222222223 0.028125 0.10555555555555556
0 0.681640625 0.5048611111111111 0.01953125 0.10694444444444444
0 0.592578125 0.6125 0.03046875 0.11388888888888889
0 0.53828125 0.6770833333333334 0.040625 0.11527777777777778
0 0.541796875 0.5666666666666667 0.03984375 0.10833333333333334
0 0.555859375 0.4618055555555556 0.02578125 0.09861111111111111
0 0.490234375 0.4618055555555556 0.01953125 0.10138888888888889
0 0.4359375 0.6465277777777778 0.034375 0.10138888888888889
0 0.41015625 0.6013888888888889 0.0234375 0.10277777777777777
0 0.390234375 0.5375 0.02421875 0.1111111111111111
0 0.218359375 0.5222222222222223 0.02265625 0.1
0 0.239453125 0.6298611111111111 0.07109375 0.043055555555555555
0 0.24609375 0.6138888888888889 0.040625 0.1111111111111111
0 0.25234375 0.575 0.028125 0.11944444444444445