5 0.68515625 0.5638888888888889 0.0078125 0.005555555555555556
3 0.18984375 0.7513888888888889 0.0109375 0.019444444444444445
0 0.25546875 0.7298611111111111 0.034375 0.14583333333333334
0 0.080078125 0.7236111111111111 0.02109375 0.1388888888888889
1 0.454296875 0.49375 0.02421875 0.09305555555555556
6 0.890625 0.38472222222222224 0.0265625 0.06388888888888888
7 0.429296875 0.46875 0.16953125 0.1597222222222222
2 0.8703125 0.5930555555555556 0.028125 0.10277777777777777
0 0.901171875 0.4986111111111111 0.01796875 0.09722222222222222
0 0.82890625 0.6256944444444444 0.0328125 0.10694444444444444
0 0.7734375 0.5048611111111111 0.0234375 0.08472222222222223
0 0.749609375 0.4930555555555556 0.02109375 0.08611111111111111
0 0.67421875 0.5013888888888889 0.0203125 0.08888888888888889
0 0.66484375 0.48541666666666666 0.0296875 0.09027777777777778
0 0.623828125 0.5104166666666666 0.02421875 0.08472222222222223
0 0.60859375 0.5020833333333333 0.0203125 0.08472222222222223
0 0.596875 0.5097222222222222 0.0265625 0.09166666666666666
0 0.58046875 0.5472222222222223 0.03125 0.09166666666666666
0 0.57265625 0.5326388888888889 0.0203125 0.09027777777777778
0 0.55625 0.51875 0.025 0.08194444444444444
0 0.53671875 0.5236111111111111 0.0234375 0.08888888888888889
0 0.516796875 0.5270833333333333 0.01640625 0.09305555555555556
0 0.520703125 0.5104166666666666 0.01640625 0.08194444444444444
0 0.276171875 0.6041666666666666 0.01640625 0.09166666666666666
0 0.2921875 0.60625 0.0234375 0.10138888888888889