5 0.59765625 0.34930555555555554 0.00625 0.006944444444444444
1 0.781640625 0.3458333333333333 0.01953125 0.07777777777777778
3 0.83828125 0.6659722222222222 0.0078125 0.018055555555555554
0 0.81640625 0.63125 0.05 0.10416666666666667
0 0.718359375 0.6638888888888889 0.04296875 0.11388888888888889
0 0.612109375 0.4895833333333333 0.02578125 0.09583333333333334
7 0.773046875 0.28958333333333336 0.12421875 0.10416666666666667
0 0.487890625 0.45694444444444443 0.01953125 0.09166666666666666
6 0.4671875 0.2298611111111111 0.0140625 0.04027777777777778
0 0.4671875 0.7430555555555556 0.0421875 0.12777777777777777
0 0.3390625 0.7729166666666667 0.040625 0.14027777777777778
0 0.40859375 0.5458333333333333 0.03125 0.09444444444444444
0 0.2640625 0.35694444444444445 0.01875 0.06944444444444445
0 0.105078125 0.4083333333333333 0.02734375 0.08055555555555556
2 0.0765625 0.4798611111111111 0.0296875 0.09305555555555556
0 0.0453125 0.5416666666666666 0.0296875 0.1
0 0.01796875 0.31527777777777777 0.015625 0.06666666666666667
0 0.00859375 0.45069444444444445 0.0171875 0.09027777777777778
0 0.2296875 0.6923611111111111 0.0359375 0.12916666666666668
0 0.24609375 0.6583333333333333 0.034375 0.10833333333333334