3 0.37734375 0.78125 0.0203125 0.02638888888888889
6 0.191015625 0.43194444444444446 0.01015625 0.008333333333333333
1 0.05234375 0.40069444444444446 0.028125 0.09027777777777778
7 0.00546875 0.3263888888888889 0.0109375 0.11944444444444445
6 0.375390625 0.25069444444444444 0.02109375 0.06805555555555555
2 0.573046875 0.5090277777777777 0.02734375 0.10416666666666667
0 0.612109375 0.3423611111111111 0.01640625 0.0763888888888889
0 0.593359375 0.46111111111111114 0.02265625 0.1111111111111111
0 0.769140625 0.3729166666666667 0.02265625 0.08194444444444444
0 0.7359375 0.5166666666666667 0.0296875 0.125
0 0.717578125 0.5152777777777777 0.03515625 0.10833333333333334
0 0.6609375 0.6868055555555556 0.0375 0.13472222222222222
0 0.498828125 0.6347222222222222 0.04296875 0.125
0 0.169140625 0.8541666666666666 0.03828125 0.18055555555555555
0 0.289453125 0.6638888888888889 0.03984375 0.11666666666666667
0 0.294140625 0.6263888888888889 0.05078125 0.125
0 0.24921875 0.6034722222222222 0.0484375 0.12638888888888888
0 0.43046875 0.43194444444444446 0.0203125 0.1
0 0.455859375 0.43680555555555556 0.02109375 0.09583333333333334
0 0.50625 0.39166666666666666 0.01875 0.09444444444444444
0 0.95546875 0.2986111111111111 0.021875 0.06944444444444445
0 0.842578125 0.3875 0.02734375 0.09444444444444444