5 0.2390625 0.42430555555555555 0.0078125 0.006944444444444444
1 0.16328125 0.39166666666666666 0.0125 0.09166666666666666
7 0.03515625 0.33055555555555555 0.0703125 0.12777777777777777
6 0.41875 0.25069444444444444 0.0203125 0.05694444444444444
2 0.50625 0.5215277777777778 0.0296875 0.10694444444444444
0 0.27890625 0.6194444444444445 0.021875 0.125
0 0.281640625 0.5805555555555556 0.02578125 0.10277777777777777
0 0.3515625 0.7055555555555556 0.0328125 0.15833333333333333
0 0.359375 0.7784722222222222 0.0484375 0.14027777777777778
0 0.53671875 0.6145833333333334 0.03125 0.12638888888888888
0 0.606640625 0.4951388888888889 0.03203125 0.12361111111111112
0 0.671484375 0.5444444444444444 0.03515625 0.10833333333333334
0 0.810546875 0.5722222222222222 0.03828125 0.10833333333333334
3 0.880078125 0.7069444444444445 0.01328125 0.022222222222222223
0 0.869921875 0.6576388888888889 0.03984375 0.12638888888888888
0 0.8203125 0.4125 0.0296875 0.09444444444444444
0 0.704296875 0.4097222222222222 0.02578125 0.08611111111111111
0 0.811328125 0.30486111111111114 0.01640625 0.07916666666666666
0 0.569140625 0.35208333333333336 0.01796875 0.0763888888888889
0 0.4828125 0.42083333333333334 0.015625 0.09444444444444444
0 0.464453125 0.41597222222222224 0.01640625 0.09861111111111111
0 0.39765625 0.4638888888888889 0.0328125 0.10277777777777777
0 0.057421875 0.6833333333333333 0.03671875 0.13333333333333333