6 0.3578125 0.2423611111111111 0.028125 0.07083333333333333
5 0.133203125 0.4583333333333333 0.01015625 0.008333333333333333
0 0.1171875 0.5194444444444445 0.028125 0.12777777777777777
0 0.178515625 0.5069444444444444 0.04765625 0.11388888888888889
0 0.22109375 0.42777777777777776 0.0328125 0.10555555555555556
0 0.235546875 0.4465277777777778 0.03515625 0.10694444444444444
0 0.306640625 0.3770833333333333 0.02734375 0.09583333333333334
0 0.3109375 0.43680555555555556 0.021875 0.10416666666666667
0 0.4109375 0.43819444444444444 0.025 0.10694444444444444
2 0.507421875 0.4840277777777778 0.03359375 0.12361111111111112
0 0.613671875 0.4673611111111111 0.03671875 0.10694444444444444
0 0.692578125 0.3701388888888889 0.02734375 0.09583333333333334
3 0.7390625 0.33819444444444446 0.0109375 0.009722222222222222
0 0.742578125 0.3020833333333333 0.02265625 0.07916666666666666
0 0.615234375 0.3173611111111111 0.03046875 0.0875
0 0.579296875 0.34930555555555554 0.02265625 0.0763888888888889
0 0.53671875 0.30833333333333335 0.021875 0.08333333333333333
0 0.51953125 0.3506944444444444 0.028125 0.09027777777777778
0 0.44609375 0.64375 0.0375 0.13194444444444445
0 0.6140625 0.7013888888888888 0.046875 0.1638888888888889
0 0.968359375 0.5319444444444444 0.05546875 0.15