5 0.845703125 0.39166666666666666 0.00859375 0.008333333333333333
3 0.166796875 0.6277777777777778 0.01015625 0.022222222222222223
1 0.62578125 0.34097222222222223 0.021875 0.0763888888888889
7 0.619140625 0.30486111111111114 0.14453125 0.13194444444444445
2 0.680078125 0.4965277777777778 0.02109375 0.10138888888888889
0 0.74140625 0.5673611111111111 0.028125 0.10694444444444444
0 0.98515625 0.4576388888888889 0.0296875 0.09861111111111111
0 0.934765625 0.4340277777777778 0.02109375 0.09583333333333334
0 0.934375 0.3548611111111111 0.015625 0.09027777777777778
0 0.95703125 0.33611111111111114 0.0171875 0.08333333333333333
0 0.898046875 0.34305555555555556 0.02578125 0.08055555555555556
0 0.734375 0.37430555555555556 0.01875 0.0875
0 0.706640625 0.4083333333333333 0.02734375 0.09444444444444444
0 0.683203125 0.6395833333333333 0.03828125 0.12916666666666668
0 0.55390625 0.5111111111111111 0.028125 0.09444444444444444
0 0.5875 0.7986111111111112 0.0453125 0.1638888888888889
0 0.305859375 0.5555555555555556 0.02890625 0.11388888888888889
0 0.2546875 0.6319444444444444 0.034375 0.12222222222222222
0 0.15625 0.5729166666666666 0.025 0.11805555555555555
0 0.1859375 0.5229166666666667 0.0265625 0.09305555555555556
0 0.20859375 0.4888888888888889 0.034375 0.09166666666666666
0 0.238671875 0.5013888888888889 0.02265625 0.1