3 0.284765625 0.4395833333333333 0.00703125 0.0125
2 0.225390625 0.5236111111111111 0.02109375 0.10833333333333334
0 0.866015625 0.5368055555555555 0.03359375 0.11527777777777778
0 0.8265625 0.5375 0.04375 0.11388888888888889
0 0.783984375 0.46597222222222223 0.03984375 0.1125
0 0.58671875 0.42986111111111114 0.0203125 0.0875
0 0.51328125 0.4173611111111111 0.034375 0.09027777777777778
0 0.53046875 0.5041666666666667 0.040625 0.10277777777777777
0 0.418359375 0.4527777777777778 0.03203125 0.09722222222222222
0 0.405859375 0.6513888888888889 0.04296875 0.125
0 0.55078125 0.81875 0.0546875 0.1597222222222222
0 0.287890625 0.9270833333333334 0.05703125 0.14583333333333334
0 0.0859375 0.525 0.0375 0.125
0 0.220703125 0.4652777777777778 0.04296875 0.09722222222222222
0 0.27109375 0.4027777777777778 0.03125 0.09444444444444444