3 0.327734375 0.4597222222222222 0.00859375 0.013888888888888888
5 0.130078125 0.36666666666666664 0.00546875 0.008333333333333333
1 0.0859375 0.34444444444444444 0.01875 0.075
6 0.2703125 0.22916666666666666 0.0109375 0.03888888888888889
0 0.067578125 0.625 0.01796875 0.125
0 0.14453125 0.4666666666666667 0.0203125 0.1
0 0.239453125 0.3861111111111111 0.02578125 0.07777777777777778
0 0.44296875 0.33611111111111114 0.0140625 0.07222222222222222
0 0.450390625 0.40902777777777777 0.01640625 0.07916666666666666
0 0.39140625 0.47152777777777777 0.021875 0.08472222222222223
0 0.3859375 0.5611111111111111 0.028125 0.1111111111111111
0 0.34453125 0.63125 0.0265625 0.1125
0 0.486328125 0.6270833333333333 0.03046875 0.1125
2 0.5578125 0.43194444444444446 0.021875 0.075
0 0.68046875 0.4395833333333333 0.0140625 0.07916666666666666
0 0.698046875 0.3423611111111111 0.02109375 0.06527777777777778
0 0.759375 0.30694444444444446 0.028125 0.06111111111111111
0 0.7625 0.36041666666666666 0.0203125 0.07083333333333333
0 0.630859375 0.5493055555555556 0.02421875 0.0763888888888889
0 0.68984375 0.5395833333333333 0.0171875 0.09861111111111111
0 0.796875 0.5347222222222222 0.0265625 0.1
0 0.828125 0.5743055555555555 0.03125 0.09861111111111111
0 0.86015625 0.5951388888888889 0.0375 0.10138888888888889
0 0.94765625 0.3854166666666667 0.0125 0.0763888888888889