5 0.31328125 0.49930555555555556 0.00625 0.006944444444444444
3 0.023828125 0.5388888888888889 0.00546875 0.008333333333333333
1 0.140625 0.47708333333333336 0.0109375 0.059722222222222225
7 0.14609375 0.4548611111111111 0.109375 0.10972222222222222
0 0.305859375 0.4284722222222222 0.01171875 0.04861111111111111
6 0.425 0.3875 0.00625 0.03611111111111111
0 0.52890625 0.4354166666666667 0.015625 0.04583333333333333
0 0.482421875 0.5166666666666667 0.01484375 0.07222222222222222
0 0.56328125 0.5486111111111112 0.021875 0.06666666666666667
0 0.646484375 0.47291666666666665 0.01796875 0.059722222222222225
2 0.752734375 0.4979166666666667 0.01328125 0.05138888888888889
0 0.75390625 0.46111111111111114 0.015625 0.05277777777777778
0 0.774609375 0.41875 0.01328125 0.04861111111111111
0 0.794921875 0.5375 0.02265625 0.075
0 0.825390625 0.6930555555555555 0.02109375 0.09722222222222222
0 0.9140625 0.7347222222222223 0.028125 0.10555555555555556
0 0.569921875 0.6486111111111111 0.01953125 0.08333333333333333
0 0.1625 0.8159722222222222 0.0359375 0.10416666666666667
0 0.09921875 0.5944444444444444 0.021875 0.07777777777777778