5 0.38203125 0.24444444444444444 0.0046875 0.008333333333333333
4 0.18203125 0.11736111111111111 0.225 0.04027777777777778
4 0.03984375 0.11875 0.021875 0.04027777777777778
7 0.21171875 0.18611111111111112 0.1453125 0.09722222222222222
6 0.53828125 0.08819444444444445 0.015625 0.0375
0 0.46484375 0.31805555555555554 0.015625 0.08611111111111111
0 0.01328125 0.6715277777777777 0.0265625 0.12361111111111112
0 0.0984375 0.5972222222222222 0.028125 0.11388888888888889
0 0.33671875 0.5340277777777778 0.0234375 0.1125
0 0.408203125 0.48819444444444443 0.03203125 0.10138888888888889
0 0.4703125 0.7958333333333333 0.05625 0.12777777777777777
0 0.53125 0.8777777777777778 0.040625 0.16666666666666666
4 0.9375 0.9145833333333333 0.05625 0.07916666666666666
0 0.9625 0.5666666666666667 0.034375 0.12222222222222222
0 0.96640625 0.3875 0.0234375 0.08611111111111111
2 0.79140625 0.4284722222222222 0.03125 0.09305555555555556
0 0.7125 0.41180555555555554 0.0265625 0.09861111111111111
0 0.79609375 0.23333333333333334 0.0171875 0.06944444444444445
0 0.86953125 0.22083333333333333 0.0109375 0.06388888888888888