1 0.27890625 0.44513888888888886 0.040625 0.1486111111111111
7 0.23515625 0.39791666666666664 0.3296875 0.2791666666666667
4 0.040234375 0.11805555555555555 0.02265625 0.03333333333333333
4 0.18125 0.11666666666666667 0.2234375 0.04722222222222222
3 0.662890625 0.5819444444444445 0.01484375 0.027777777777777776
2 0.329296875 0.6388888888888888 0.03984375 0.18055555555555555
4 0.93671875 0.9194444444444444 0.059375 0.08611111111111111
0 0.87890625 0.71875 0.04375 0.19305555555555556
0 0.84453125 0.6597222222222222 0.0328125 0.2
0 0.81875 0.5909722222222222 0.0421875 0.15416666666666667
0 0.695703125 0.7833333333333333 0.03671875 0.23333333333333334
0 0.66796875 0.6763888888888889 0.04375 0.2111111111111111
0 0.6296875 0.6881944444444444 0.04375 0.1875
0 0.57578125 0.7368055555555556 0.046875 0.2013888888888889