4 0.934765625 0.9173611111111111 0.06015625 0.08194444444444444
3 0.13671875 0.6555555555555556 0.0125 0.016666666666666666
0 0.130859375 0.6756944444444445 0.02734375 0.13194444444444445
4 0.181640625 0.11597222222222223 0.22734375 0.043055555555555555
4 0.041796875 0.11805555555555555 0.02578125 0.03888888888888889
2 0.678515625 0.5013888888888889 0.02265625 0.09722222222222222
5 0.809375 0.37430555555555556 0.0078125 0.009722222222222222
1 0.62109375 0.31180555555555556 0.01875 0.0763888888888889
7 0.6109375 0.27291666666666664 0.146875 0.12083333333333333
0 0.866015625 0.4756944444444444 0.01484375 0.09583333333333334
0 0.812109375 0.4722222222222222 0.02421875 0.10833333333333334
0 0.795703125 0.525 0.02421875 0.11388888888888889
0 0.701171875 0.6111111111111112 0.02578125 0.12777777777777777
0 0.67109375 0.58125 0.0234375 0.12083333333333333
0 0.66484375 0.4861111111111111 0.0203125 0.10833333333333334
0 0.548828125 0.6048611111111111 0.03203125 0.10416666666666667
0 0.22890625 0.49236111111111114 0.01875 0.10694444444444444
0 0.323828125 0.48680555555555555 0.02578125 0.10138888888888889