3 0.0171875 0.4479166666666667 0.0140625 0.029166666666666667
4 0.041796875 0.11527777777777778 0.02421875 0.03611111111111111
4 0.183203125 0.11805555555555555 0.22421875 0.04722222222222222
1 0.51875 0.24791666666666667 0.0328125 0.10694444444444444
7 0.528125 0.2076388888888889 0.1921875 0.1736111111111111
5 0.787109375 0.3236111111111111 0.01328125 0.016666666666666666
0 0.8203125 0.3076388888888889 0.0375 0.08194444444444444
0 0.81796875 0.37916666666666665 0.0375 0.10555555555555556
0 0.683984375 0.36875 0.02578125 0.1125
0 0.705859375 0.46805555555555556 0.03203125 0.12777777777777777
0 0.62578125 0.5173611111111112 0.028125 0.14027777777777778
0 0.619921875 0.6444444444444445 0.03203125 0.1527777777777778
0 0.6296875 0.7368055555555556 0.0359375 0.16527777777777777
0 0.807421875 0.7645833333333333 0.03515625 0.10416666666666667
0 0.9875 0.7819444444444444 0.025 0.16666666666666666
4 0.93671875 0.9145833333333333 0.0515625 0.08194444444444444
0 0.47109375 0.7548611111111111 0.0390625 0.18194444444444444
0 0.318359375 0.4791666666666667 0.02890625 0.12777777777777777
0 0.21171875 0.5520833333333334 0.05 0.13194444444444445