4 0.9375 0.9152777777777777 0.059375 0.08333333333333333
4 0.183203125 0.11597222222222223 0.22578125 0.043055555555555555
4 0.040625 0.11736111111111111 0.0234375 0.03194444444444444
3 0.7421875 0.3506944444444444 0.009375 0.018055555555555554
0 0.924609375 0.3194444444444444 0.01640625 0.08611111111111111
2 0.44296875 0.525 0.0296875 0.11944444444444445
0 0.5625 0.32916666666666666 0.03125 0.07777777777777778
0 0.6453125 0.3194444444444444 0.021875 0.09444444444444444
0 0.687890625 0.3680555555555556 0.02890625 0.08888888888888889
0 0.59375 0.39444444444444443 0.0328125 0.075
0 0.67734375 0.4652777777777778 0.028125 0.10555555555555556
0 0.8 0.51875 0.0296875 0.12361111111111112
0 0.384765625 0.49930555555555556 0.03203125 0.10694444444444444
0 0.37890625 0.8069444444444445 0.0546875 0.16111111111111112
0 0.087109375 0.5097222222222222 0.04140625 0.10277777777777777
0 0.02109375 0.375 0.0375 0.1
0 0.0703125 0.32083333333333336 0.0234375 0.08055555555555556
0 0.05859375 0.29791666666666666 0.0203125 0.09027777777777778