4 0.9375 0.9222222222222223 0.053125 0.08333333333333333
4 0.1828125 0.11597222222222223 0.2234375 0.043055555555555555
4 0.041015625 0.11805555555555555 0.02421875 0.041666666666666664
3 0.094921875 0.5965277777777778 0.00859375 0.015277777777777777
0 0.093359375 0.6305555555555555 0.02578125 0.1361111111111111
0 0.29453125 0.47638888888888886 0.028125 0.10277777777777777
0 0.33515625 0.4673611111111111 0.021875 0.09861111111111111
1 0.609375 0.25763888888888886 0.0203125 0.06527777777777778
5 0.76015625 0.33958333333333335 0.0078125 0.009722222222222222
2 0.6703125 0.5270833333333333 0.0234375 0.10972222222222222
0 0.7546875 0.45625 0.0203125 0.09861111111111111
0 0.6171875 0.4638888888888889 0.0203125 0.1111111111111111
0 0.625390625 0.5548611111111111 0.02109375 0.12638888888888888
0 0.67578125 0.5715277777777777 0.021875 0.11527777777777778
0 0.7015625 0.5416666666666666 0.01875 0.10555555555555556
0 0.711328125 0.5111111111111111 0.02890625 0.11388888888888889
0 0.516015625 0.7625 0.03203125 0.14166666666666666
6 0.978125 0.15138888888888888 0.021875 0.06111111111111111
7 0.56484375 0.2465277777777778 0.1390625 0.12916666666666668