4 0.937890625 0.9138888888888889 0.05546875 0.08611111111111111
2 0.937890625 0.4625 0.01796875 0.09444444444444444
1 0.517578125 0.22083333333333333 0.01484375 0.07222222222222222
5 0.622265625 0.2604166666666667 0.00390625 0.006944444444444444
7 0.4546875 0.18055555555555555 0.1234375 0.1111111111111111
6 0.79375 0.10138888888888889 0.01875 0.044444444444444446
4 0.040234375 0.11666666666666667 0.02578125 0.03611111111111111
4 0.1828125 0.11666666666666667 0.2234375 0.044444444444444446
0 0.17734375 0.5736111111111111 0.0296875 0.11388888888888889
0 0.352734375 0.47638888888888886 0.01796875 0.1
0 0.38828125 0.6569444444444444 0.0390625 0.10833333333333334
0 0.394921875 0.7798611111111111 0.03203125 0.12638888888888888
3 0.275 0.7826388888888889 0.0125 0.02638888888888889
0 0.46328125 0.4215277777777778 0.0171875 0.08472222222222223
0 0.54765625 0.4909722222222222 0.034375 0.10972222222222222
0 0.597265625 0.3541666666666667 0.02734375 0.08333333333333333
0 0.813671875 0.4361111111111111 0.03046875 0.09722222222222222
0 0.98515625 0.275 0.0296875 0.08333333333333333