4 0.938671875 0.9125 0.05859375 0.08055555555555556
4 0.042578125 0.11736111111111111 0.02734375 0.0375
4 0.18359375 0.11597222222222223 0.225 0.04583333333333333
6 0.541796875 0.25625 0.01015625 0.029166666666666667
5 0.337109375 0.3375 0.00390625 0.005555555555555556
7 0.2546875 0.29097222222222224 0.0953125 0.0625
0 0.36484375 0.2923611111111111 0.009375 0.04027777777777778
1 0.16796875 0.3263888888888889 0.0171875 0.013888888888888888
0 0.1640625 0.3284722222222222 0.0125 0.04027777777777778
0 0.1859375 0.4131944444444444 0.015625 0.059722222222222225
0 0.19921875 0.4479166666666667 0.0171875 0.06527777777777778
0 0.321484375 0.35 0.01015625 0.04722222222222222
0 0.39765625 0.39791666666666664 0.0140625 0.06527777777777778
0 0.376171875 0.47291666666666665 0.01640625 0.06805555555555555
0 0.43671875 0.32222222222222224 0.0078125 0.044444444444444446
0 0.500390625 0.33958333333333335 0.01328125 0.05138888888888889
0 0.531640625 0.3715277777777778 0.00703125 0.05416666666666667
2 0.604296875 0.36736111111111114 0.00859375 0.05694444444444444
0 0.673828125 0.2923611111111111 0.00859375 0.04027777777777778
0 0.68828125 0.32708333333333334 0.009375 0.043055555555555555
0 0.6984375 0.33819444444444446 0.015625 0.043055555555555555
0 0.694140625 0.38958333333333334 0.01484375 0.04861111111111111
0 0.64765625 0.4701388888888889 0.0171875 0.0625
0 0.6609375 0.42291666666666666 0.0140625 0.059722222222222225
0 0.71171875 0.47708333333333336 0.0203125 0.06805555555555555
0 0.808203125 0.4097222222222222 0.01015625 0.05
0 0.86015625 0.3597222222222222 0.015625 0.05277777777777778