3 0.813671875 0.6590277777777778 0.01484375 0.02361111111111111
4 0.938671875 0.9118055555555555 0.05703125 0.08194444444444444
4 0.18203125 0.11458333333333333 0.225 0.04027777777777778
4 0.040234375 0.11805555555555555 0.02421875 0.03611111111111111
2 0.031640625 0.6354166666666666 0.03359375 0.14027777777777778
0 0.04296875 0.41597222222222224 0.0265625 0.10416666666666667
0 0.2 0.33194444444444443 0.01875 0.09166666666666666
0 0.30859375 0.3013888888888889 0.0171875 0.07777777777777778
0 0.29296875 0.4201388888888889 0.021875 0.09027777777777778
0 0.296875 0.45 0.021875 0.1
0 0.230078125 0.5194444444444445 0.02421875 0.11388888888888889
0 0.144921875 0.6034722222222222 0.03203125 0.1125
0 0.36171875 0.8298611111111112 0.0484375 0.16805555555555557
0 0.482421875 0.5361111111111111 0.02421875 0.125
0 0.54375 0.4465277777777778 0.03125 0.10138888888888889
0 0.4796875 0.34305555555555556 0.01875 0.09722222222222222
0 0.766015625 0.3125 0.01484375 0.08611111111111111
0 0.596875 0.5319444444444444 0.028125 0.1111111111111111
0 0.84375 0.5972222222222222 0.028125 0.13055555555555556
0 0.903125 0.4388888888888889 0.034375 0.10555555555555556