5 0.559375 0.48194444444444445 0.0078125 0.008333333333333333
6 0.79453125 0.26319444444444445 0.0234375 0.05694444444444444
3 0.175 0.6368055555555555 0.009375 0.018055555555555554
1 0.342578125 0.42569444444444443 0.02421875 0.10138888888888889
7 0.319140625 0.3770833333333333 0.18515625 0.15138888888888888
4 0.936328125 0.9131944444444444 0.05390625 0.0763888888888889
4 0.181640625 0.11805555555555555 0.22109375 0.041666666666666664
4 0.041015625 0.11458333333333333 0.02421875 0.0375
0 0.2875 0.6701388888888888 0.04375 0.10416666666666667
0 0.28515625 0.6006944444444444 0.028125 0.08472222222222223
0 0.27734375 0.5645833333333333 0.0234375 0.09305555555555556
0 0.3765625 0.5347222222222222 0.04375 0.10555555555555556
0 0.5125 0.7118055555555556 0.046875 0.13472222222222222
2 0.746875 0.6284722222222222 0.0328125 0.10972222222222222
0 0.674609375 0.6173611111111111 0.03515625 0.12638888888888888
0 0.59296875 0.5534722222222223 0.0421875 0.10138888888888889
0 0.590625 0.47638888888888886 0.0265625 0.08888888888888889
0 0.61328125 0.4375 0.034375 0.09166666666666666
0 0.722265625 0.44513888888888886 0.03828125 0.07916666666666666
0 0.73046875 0.4041666666666667 0.0296875 0.075
0 0.96796875 0.4486111111111111 0.025 0.1