3 0.90859375 0.6020833333333333 0.009375 0.018055555555555554
0 0.933203125 0.5722222222222222 0.02578125 0.10555555555555556
0 0.809765625 0.3993055555555556 0.02109375 0.0763888888888889
1 0.782421875 0.36666666666666664 0.01953125 0.06666666666666667
7 0.728515625 0.31180555555555556 0.13828125 0.13194444444444445
0 0.490625 0.3020833333333333 0.015625 0.06805555555555555
5 0.540234375 0.3888888888888889 0.00859375 0.008333333333333333
0 0.58203125 0.4777777777777778 0.03125 0.09444444444444444
6 0.365234375 0.21388888888888888 0.01484375 0.04722222222222222
4 0.18203125 0.11666666666666667 0.225 0.041666666666666664
4 0.040234375 0.11875 0.02109375 0.034722222222222224
0 0.2015625 0.2743055555555556 0.0140625 0.05138888888888889
0 0.061328125 0.32222222222222224 0.02265625 0.06666666666666667
0 0.0984375 0.37569444444444444 0.025 0.0763888888888889
0 0.01015625 0.42777777777777776 0.0203125 0.08055555555555556
2 0.035546875 0.5861111111111111 0.02421875 0.10555555555555556
0 0.162890625 0.4965277777777778 0.03203125 0.0763888888888889
0 0.205859375 0.49236111111111114 0.02109375 0.09583333333333334
0 0.184765625 0.6673611111111111 0.02890625 0.09861111111111111
0 0.2015625 0.7722222222222223 0.0296875 0.13333333333333333
0 0.606640625 0.6888888888888889 0.03828125 0.11666666666666667
4 0.937109375 0.9152777777777777 0.05234375 0.08055555555555556