3 0.66953125 0.30277777777777776 0.0078125 0.016666666666666666
5 0.751953125 0.3715277777777778 0.00703125 0.006944444444444444
1 0.766796875 0.35347222222222224 0.01484375 0.0625
0 0.69921875 0.48333333333333334 0.0265625 0.08055555555555556
0 0.67890625 0.5076388888888889 0.0296875 0.10416666666666667
0 0.642578125 0.6284722222222222 0.03203125 0.10972222222222222
0 0.655859375 0.6722222222222223 0.03828125 0.125
0 0.571875 0.5222222222222223 0.0328125 0.09166666666666666
0 0.5078125 0.5444444444444444 0.028125 0.10277777777777777
7 0.9046875 0.325 0.109375 0.10277777777777777
6 0.612109375 0.2659722222222222 0.01015625 0.04027777777777778
0 0.534375 0.3875 0.0171875 0.07222222222222222
0 0.4703125 0.5472222222222223 0.021875 0.10277777777777777
0 0.392578125 0.34305555555555556 0.01328125 0.05277777777777778
0 0.30625 0.3375 0.0140625 0.04722222222222222
0 0.278125 0.4423611111111111 0.0234375 0.07916666666666666
0 0.28671875 0.48055555555555557 0.015625 0.08333333333333333
2 0.2484375 0.46944444444444444 0.0171875 0.09166666666666666
0 0.17890625 0.5069444444444444 0.0234375 0.09166666666666666
0 0.136328125 0.6069444444444444 0.02578125 0.11666666666666667
0 0.1859375 0.7694444444444445 0.0390625 0.14722222222222223
0 0.07265625 0.7819444444444444 0.040625 0.15