3 0.675 0.5180555555555556 0.009375 0.019444444444444445
2 0.915234375 0.4798611111111111 0.02734375 0.13472222222222222
6 0.923046875 0.31527777777777777 0.02734375 0.08611111111111111
1 0.3328125 0.4375 0.0390625 0.08888888888888889
7 0.212109375 0.39305555555555555 0.25703125 0.21388888888888888
0 0.180078125 0.6458333333333334 0.04296875 0.175
0 0.4 0.4965277777777778 0.0375 0.13472222222222222
0 0.421875 0.5041666666666667 0.0421875 0.13055555555555556
0 0.491796875 0.4756944444444444 0.04296875 0.1125
0 0.59375 0.4618055555555556 0.0375 0.1125
0 0.6734375 0.4756944444444444 0.025 0.10138888888888889
0 0.695703125 0.4625 0.02578125 0.10833333333333334
0 0.775 0.5104166666666666 0.0296875 0.12916666666666668
0 0.8375 0.5902777777777778 0.0359375 0.1388888888888889
0 0.841796875 0.4701388888888889 0.02890625 0.13472222222222222
0 0.93671875 0.4048611111111111 0.0234375 0.10972222222222222