3 0.5875 0.6861111111111111 0.0125 0.030555555555555555
1 0.86171875 0.26944444444444443 0.021875 0.1
5 0.71484375 0.31805555555555554 0.0125 0.008333333333333333
2 0.357421875 0.3486111111111111 0.01953125 0.11388888888888889
6 0.484375 0.14791666666666667 0.015625 0.04583333333333333
7 0.937890625 0.22013888888888888 0.12421875 0.15416666666666667
0 0.94296875 0.5944444444444444 0.040625 0.1638888888888889
0 0.966796875 0.6041666666666666 0.03828125 0.19444444444444445
0 0.837109375 0.7291666666666666 0.06015625 0.19722222222222222
0 0.778515625 0.42986111111111114 0.03515625 0.1375
0 0.625 0.8243055555555555 0.0390625 0.22083333333333333
0 0.569921875 0.6090277777777777 0.03984375 0.14583333333333334
0 0.58671875 0.6083333333333333 0.0453125 0.14444444444444443
0 0.10703125 0.6479166666666667 0.0484375 0.18472222222222223
0 0.215234375 0.33125 0.02578125 0.09305555555555556
0 0.333203125 0.2326388888888889 0.02734375 0.08194444444444444
0 0.4515625 0.2590277777777778 0.01875 0.09027777777777778
0 0.50234375 0.3020833333333333 0.021875 0.10694444444444444
0 0.556640625 0.28680555555555554 0.02734375 0.09305555555555556
0 0.594921875 0.3416666666666667 0.02109375 0.10555555555555556
0 0.676171875 0.32569444444444445 0.01953125 0.09305555555555556