3 0.628125 0.3638888888888889 0.0109375 0.011111111111111112
6 0.40546875 0.2881944444444444 0.025 0.05694444444444444
2 0.774609375 0.4527777777777778 0.03828125 0.11944444444444445
0 0.869140625 0.37777777777777777 0.01953125 0.08888888888888889
0 0.753125 0.37569444444444444 0.0203125 0.07916666666666666
0 0.761328125 0.3506944444444444 0.02265625 0.0625
0 0.744921875 0.35208333333333336 0.01484375 0.07361111111111111
0 0.694921875 0.3388888888888889 0.01953125 0.08611111111111111
0 0.703125 0.43472222222222223 0.034375 0.11666666666666667
0 0.608203125 0.4444444444444444 0.04296875 0.1111111111111111
0 0.5703125 0.41944444444444445 0.046875 0.09722222222222222
0 0.598046875 0.3611111111111111 0.02890625 0.08888888888888889
0 0.53203125 0.39861111111111114 0.0375 0.08611111111111111
0 0.51796875 0.4701388888888889 0.03125 0.10416666666666667
0 0.45078125 0.5395833333333333 0.0375 0.13472222222222222
0 0.50859375 0.6361111111111111 0.0390625 0.14722222222222223
0 0.1453125 0.6673611111111111 0.0328125 0.1763888888888889
0 0.212890625 0.4888888888888889 0.03671875 0.11944444444444445
0 0.34296875 0.41875 0.0296875 0.1125
5 0.105078125 0.47708333333333336 0.01484375 0.018055555555555554