3 0.894921875 0.6284722222222222 0.01328125 0.02361111111111111
0 0.903125 0.5826388888888889 0.0359375 0.10972222222222222
0 0.837109375 0.5659722222222222 0.03515625 0.09305555555555556
0 0.613671875 0.5131944444444444 0.03046875 0.1125
0 0.57421875 0.47638888888888886 0.0390625 0.1
0 0.542578125 0.5208333333333334 0.04140625 0.1111111111111111
0 0.428515625 0.6118055555555556 0.03515625 0.13194444444444445
0 0.1078125 0.8305555555555556 0.0703125 0.18888888888888888
0 0.220703125 0.46597222222222223 0.03671875 0.09583333333333334
1 0.287109375 0.33958333333333335 0.01953125 0.08472222222222223
0 0.17578125 0.3875 0.021875 0.08611111111111111
0 0.08203125 0.4263888888888889 0.021875 0.10833333333333334
0 0.080078125 0.36736111111111114 0.02109375 0.08472222222222223
5 0.071484375 0.4097222222222222 0.00859375 0.005555555555555556
7 0.304296875 0.3145833333333333 0.16640625 0.13194444444444445