5 0.44921875 0.5416666666666666 0.0125 0.016666666666666666
6 0.79609375 0.33055555555555555 0.01875 0.075
1 0.19140625 0.4236111111111111 0.0265625 0.11666666666666667
7 0.11484375 0.4048611111111111 0.2296875 0.20972222222222223
0 0.09765625 0.5944444444444444 0.04375 0.15555555555555556
0 0.353125 0.7805555555555556 0.04375 0.20277777777777778
0 0.3828125 0.5118055555555555 0.034375 0.14305555555555555
0 0.6265625 0.5548611111111111 0.0421875 0.1625
0 0.6796875 0.4791666666666667 0.028125 0.11666666666666667
0 0.75625 0.3909722222222222 0.021875 0.09583333333333334
0 0.794921875 0.41944444444444445 0.02734375 0.10555555555555556
0 0.871484375 0.5833333333333334 0.04765625 0.14722222222222223
0 0.923828125 0.5569444444444445 0.03828125 0.15833333333333333
0 0.715625 0.7430555555555556 0.0546875 0.17777777777777778