3 0.587890625 0.7458333333333333 0.01328125 0.027777777777777776
2 0.42734375 0.49236111111111114 0.025 0.10138888888888889
5 0.08046875 0.44375 0.009375 0.0125
6 0.27578125 0.26180555555555557 0.01875 0.059722222222222225
0 0.047265625 0.6319444444444444 0.04453125 0.11388888888888889
0 0.237109375 0.5208333333333334 0.02109375 0.09722222222222222
0 0.28203125 0.49166666666666664 0.0328125 0.09722222222222222
0 0.325 0.41944444444444445 0.0234375 0.09444444444444444
0 0.396875 0.4270833333333333 0.0234375 0.09027777777777778
0 0.47109375 0.3958333333333333 0.021875 0.08888888888888889
0 0.4859375 0.4513888888888889 0.0296875 0.09444444444444444
0 0.5 0.4166666666666667 0.0234375 0.08055555555555556
0 0.625390625 0.38125 0.01484375 0.08472222222222223
0 0.52890625 0.5458333333333333 0.0328125 0.10555555555555556
0 0.488671875 0.6034722222222222 0.04765625 0.10694444444444444
0 0.548828125 0.8277777777777777 0.04140625 0.16111111111111112
0 0.672265625 0.5381944444444444 0.03515625 0.08472222222222223
0 0.773828125 0.49375 0.02734375 0.10694444444444444
0 0.8390625 0.41180555555555554 0.0328125 0.09027777777777778
0 0.8046875 0.3729166666666667 0.0203125 0.0875
0 0.72734375 0.3472222222222222 0.0171875 0.07222222222222222
0 0.743359375 0.3104166666666667 0.01796875 0.06805555555555555