3 0.30390625 0.46805555555555556 0.009375 0.019444444444444445
5 0.18203125 0.49583333333333335 0.0140625 0.013888888888888888
1 0.28671875 0.42291666666666666 0.015625 0.0875
0 0.082421875 0.5486111111111112 0.03828125 0.11388888888888889
0 0.272265625 0.69375 0.02578125 0.12638888888888888
0 0.3921875 0.38958333333333334 0.0265625 0.07916666666666666
6 0.393359375 0.3 0.03203125 0.07222222222222222
0 0.516015625 0.48125 0.02265625 0.10138888888888889
0 0.66640625 0.40555555555555556 0.0171875 0.09444444444444444
0 0.8359375 0.3402777777777778 0.0203125 0.08611111111111111
0 0.94453125 0.4986111111111111 0.021875 0.09722222222222222
0 0.918359375 0.5395833333333333 0.03359375 0.10972222222222222
0 0.97109375 0.7430555555555556 0.04375 0.1361111111111111
0 0.96171875 0.86875 0.0421875 0.17083333333333334