5 0.309765625 0.29583333333333334 0.00859375 0.011111111111111112
6 0.4578125 0.15 0.0125 0.04722222222222222
1 0.162109375 0.29375 0.02734375 0.06805555555555555
7 0.099609375 0.22708333333333333 0.14609375 0.12638888888888888
0 0.03828125 0.4888888888888889 0.0265625 0.11388888888888889
0 0.25 0.38055555555555554 0.028125 0.09722222222222222
0 0.2203125 0.47430555555555554 0.03125 0.1125
0 0.155859375 0.7201388888888889 0.03515625 0.14583333333333334
3 0.27890625 0.8402777777777778 0.0109375 0.022222222222222223
0 0.313671875 0.7395833333333334 0.04765625 0.15138888888888888
0 0.473046875 0.7479166666666667 0.03203125 0.15416666666666667
0 0.83203125 0.8298611111111112 0.0640625 0.1736111111111111
0 0.696875 0.6694444444444444 0.0328125 0.15555555555555556
2 0.817578125 0.48541666666666666 0.03046875 0.10694444444444444
0 0.53359375 0.4888888888888889 0.025 0.1111111111111111
0 0.566796875 0.4361111111111111 0.02421875 0.09166666666666666
0 0.731640625 0.2833333333333333 0.02265625 0.08333333333333333
0 0.831640625 0.36736111111111114 0.02890625 0.09861111111111111
0 0.91484375 0.31666666666666665 0.0203125 0.08333333333333333