5 0.842578125 0.6118055555555556 0.01328125 0.015277777777777777
3 0.42265625 0.11041666666666666 0.0125 0.02361111111111111
1 0.391796875 0.5 0.06015625 0.13333333333333333
0 0.3171875 0.5590277777777778 0.04375 0.14027777777777778
0 0.130859375 0.6027777777777777 0.04453125 0.15
0 0.605859375 0.4986111111111111 0.03515625 0.125
0 0.718359375 0.4847222222222222 0.04296875 0.12777777777777777
0 0.84140625 0.5354166666666667 0.046875 0.16527777777777777
0 0.9125 0.44930555555555557 0.0640625 0.1375
0 0.990625 0.42430555555555555 0.01875 0.12916666666666668
7 0.38359375 0.4388888888888889 0.309375 0.2833333333333333
