5 0.445703125 0.48125 0.00703125 0.006944444444444444
3 0.3484375 0.41180555555555554 0.0046875 0.009722222222222222
1 0.349609375 0.4263888888888889 0.01796875 0.075
7 0.237109375 0.40625 0.14140625 0.12638888888888888
0 0.14296875 0.4791666666666667 0.0203125 0.07777777777777778
0 0.438671875 0.39375 0.01484375 0.06527777777777778
0 0.382421875 0.5423611111111111 0.02421875 0.09861111111111111
6 0.603515625 0.3326388888888889 0.01484375 0.04861111111111111
0 0.63125 0.46111111111111114 0.01875 0.08055555555555556
0 0.68515625 0.4756944444444444 0.0171875 0.08472222222222223
0 0.8140625 0.4409722222222222 0.01875 0.07916666666666666
2 0.843359375 0.4930555555555556 0.02421875 0.08888888888888889
0 0.880859375 0.41041666666666665 0.01796875 0.07083333333333333
0 0.96875 0.44583333333333336 0.021875 0.07777777777777778
0 0.7453125 0.5861111111111111 0.025 0.1
0 0.62578125 0.6 0.0171875 0.08888888888888889
0 0.11796875 0.71875 0.03125 0.12361111111111112