5 0.701953125 0.45694444444444443 0.00859375 0.008333333333333333
1 0.884765625 0.4083333333333333 0.03203125 0.08333333333333333
7 0.9296875 0.3763888888888889 0.140625 0.14444444444444443
0 0.81171875 0.44305555555555554 0.0171875 0.08611111111111111
0 0.716015625 0.375 0.01953125 0.09444444444444444
0 0.687890625 0.4395833333333333 0.01953125 0.0763888888888889
0 0.726171875 0.5326388888888889 0.02109375 0.09305555555555556
6 0.523828125 0.2916666666666667 0.01953125 0.05277777777777778
2 0.463671875 0.4263888888888889 0.03515625 0.06666666666666667
0 0.49140625 0.4013888888888889 0.0234375 0.075
0 0.62265625 0.37222222222222223 0.0171875 0.075
0 0.638671875 0.41180555555555554 0.01953125 0.09027777777777778
0 0.597265625 0.42986111111111114 0.02109375 0.07916666666666666
0 0.48671875 0.4909722222222222 0.03125 0.08472222222222223
0 0.34453125 0.5520833333333334 0.0359375 0.08194444444444444
3 0.344140625 0.5069444444444444 0.01015625 0.013888888888888888
0 0.367578125 0.425 0.02109375 0.06666666666666667
0 0.28828125 0.5222222222222223 0.0234375 0.08888888888888889
0 0.10546875 0.4361111111111111 0.0328125 0.08333333333333333