5 0.5609375 0.4444444444444444 0.0078125 0.008333333333333333
1 0.428125 0.40208333333333335 0.0296875 0.06805555555555555
0 0.311328125 0.5756944444444444 0.03359375 0.10416666666666667
3 0.13515625 0.5590277777777778 0.009375 0.018055555555555554
0 0.0953125 0.5416666666666666 0.021875 0.09444444444444444
6 0.72421875 0.29444444444444445 0.0109375 0.05277777777777778
7 0.354296875 0.36736111111111114 0.13984375 0.12361111111111112
0 0.648828125 0.3541666666666667 0.01484375 0.06666666666666667
0 0.8015625 0.3861111111111111 0.021875 0.06666666666666667
0 0.434375 0.44583333333333336 0.01875 0.058333333333333334
0 0.424609375 0.5034722222222222 0.02265625 0.09305555555555556
0 0.991015625 0.6875 0.01796875 0.12777777777777777