3 0.251171875 0.6729166666666667 0.01171875 0.020833333333333332
5 0.373046875 0.34930555555555554 0.00703125 0.009722222222222222
1 0.198828125 0.30833333333333335 0.01484375 0.08055555555555556
7 0.148828125 0.27291666666666664 0.14921875 0.14027777777777778
6 0.537890625 0.19236111111111112 0.01640625 0.05138888888888889
0 0.46796875 0.3055555555555556 0.0203125 0.075
0 0.426953125 0.34305555555555556 0.02421875 0.08055555555555556
0 0.399609375 0.4388888888888889 0.02734375 0.09166666666666666
0 0.257421875 0.3909722222222222 0.01953125 0.09305555555555556
0 0.183203125 0.6451388888888889 0.05546875 0.12083333333333333
0 0.662890625 0.6465277777777778 0.02890625 0.14305555555555555
0 0.66796875 0.36875 0.0234375 0.08472222222222223
0 0.850390625 0.25277777777777777 0.01953125 0.06944444444444445
0 0.930859375 0.25972222222222224 0.01796875 0.07222222222222222
0 0.871484375 0.42916666666666664 0.03203125 0.09722222222222222
0 0.953515625 0.6166666666666667 0.04140625 0.14722222222222223
0 0.8828125 0.9569444444444445 0.05625 0.08611111111111111