5 0.8578125 0.5638888888888889 0.015625 0.016666666666666666
1 0.4109375 0.4756944444444444 0.0359375 0.13472222222222222
0 0.1734375 0.5972222222222222 0.05625 0.14444444444444443
0 0.537109375 0.4888888888888889 0.04296875 0.14722222222222223
0 0.68046875 0.44513888888888886 0.0203125 0.12638888888888888
0 0.687109375 0.40694444444444444 0.02109375 0.10833333333333334
0 0.716796875 0.45 0.02109375 0.125
0 0.74765625 0.45902777777777776 0.0296875 0.1375
0 0.773046875 0.5006944444444444 0.03203125 0.13472222222222222
0 0.775390625 0.42986111111111114 0.02734375 0.10972222222222222
0 0.650390625 0.5729166666666666 0.03203125 0.1486111111111111
0 0.6171875 0.60625 0.0296875 0.15694444444444444
0 0.592578125 0.6430555555555556 0.04609375 0.16944444444444445
7 0.45859375 0.40902777777777777 0.26875 0.23194444444444445