5 0.4125 0.5597222222222222 0.009375 0.008333333333333333
3 0.5765625 0.54375 0.0109375 0.015277777777777777
1 0.6484375 0.5076388888888889 0.0265625 0.04583333333333333
7 0.687890625 0.4597222222222222 0.18828125 0.16944444444444445
0 0.56484375 0.6145833333333334 0.0390625 0.13194444444444445
0 0.48359375 0.5375 0.0328125 0.09444444444444444
0 0.3125 0.5041666666666667 0.028125 0.09166666666666666
0 0.2984375 0.5138888888888888 0.021875 0.09166666666666666
0 0.266796875 0.5076388888888889 0.01953125 0.0875
0 0.2765625 0.48125 0.0234375 0.09305555555555556
0 0.2828125 0.5534722222222223 0.028125 0.08472222222222223
0 0.23515625 0.5361111111111111 0.034375 0.1
0 0.196875 0.5569444444444445 0.0296875 0.10555555555555556
2 0.130859375 0.5381944444444444 0.02734375 0.10972222222222222
0 0.075 0.46944444444444444 0.0234375 0.09166666666666666
6 0.1953125 0.36944444444444446 0.025 0.08333333333333333