5 0.386328125 0.5569444444444445 0.01015625 0.008333333333333333
3 0.5640625 0.46597222222222223 0.0125 0.009722222222222222
1 0.61171875 0.47152777777777777 0.0453125 0.059722222222222225
7 0.7 0.4395833333333333 0.21875 0.19027777777777777
6 0.1296875 0.33055555555555555 0.015625 0.07222222222222222
0 0.0125 0.5402777777777777 0.025 0.11388888888888889
0 0.199609375 0.5333333333333333 0.03515625 0.14444444444444443
0 0.240625 0.5263888888888889 0.025 0.11944444444444445
0 0.255859375 0.4951388888888889 0.02265625 0.10694444444444444
0 0.27578125 0.5152777777777777 0.028125 0.11944444444444445
0 0.475390625 0.5270833333333333 0.02734375 0.10972222222222222
0 0.55234375 0.6159722222222223 0.0359375 0.14583333333333334