5 0.67265625 0.6375 0.0140625 0.016666666666666666
3 0.518359375 0.4305555555555556 0.01171875 0.013888888888888888
6 0.549609375 0.43333333333333335 0.02421875 0.07777777777777778
1 0.37578125 0.5597222222222222 0.028125 0.09166666666666666
0 0.53828125 0.5847222222222223 0.034375 0.08611111111111111
0 0.569921875 0.6777777777777778 0.06953125 0.11666666666666667
0 0.66328125 0.55 0.0375 0.11388888888888889
0 0.706640625 0.5111111111111111 0.03046875 0.10277777777777777
0 0.7390625 0.5020833333333333 0.0265625 0.10138888888888889
0 0.76328125 0.5243055555555556 0.03125 0.09305555555555556
0 0.759375 0.4888888888888889 0.0203125 0.08333333333333333
0 0.950390625 0.49583333333333335 0.02578125 0.09722222222222222
0 0.986328125 0.5756944444444444 0.02734375 0.1125
7 0.239453125 0.5409722222222222 0.18359375 0.20972222222222223