5 0.569921875 0.34097222222222223 0.00859375 0.0125
1 0.4125 0.29375 0.0234375 0.07916666666666666
7 0.34140625 0.25763888888888886 0.153125 0.1375
3 0.246875 0.7770833333333333 0.009375 0.02638888888888889
6 0.752734375 0.17291666666666666 0.02421875 0.059722222222222225
2 0.763671875 0.43125 0.01953125 0.11805555555555555
0 0.825 0.39791666666666664 0.01875 0.09861111111111111
0 0.88046875 0.34305555555555556 0.0203125 0.08888888888888889
0 0.822265625 0.3125 0.02109375 0.08333333333333333
0 0.79296875 0.3229166666666667 0.021875 0.0875
0 0.753125 0.32569444444444445 0.0328125 0.09027777777777778
0 0.646484375 0.5201388888888889 0.02890625 0.12083333333333333
0 0.480859375 0.6791666666666667 0.05234375 0.1361111111111111
0 0.453515625 0.6319444444444444 0.03046875 0.15
0 0.24140625 0.625 0.0421875 0.11666666666666667
0 0.219140625 0.7284722222222222 0.05546875 0.14305555555555555
0 0.482421875 0.4638888888888889 0.02421875 0.11666666666666667
0 0.5078125 0.4895833333333333 0.0390625 0.12083333333333333