6 0.940234375 0.48819444444444443 0.03359375 0.08194444444444444
1 0.221875 0.42083333333333334 0.0125 0.058333333333333334
3 0.2296875 0.43819444444444444 0.0046875 0.009722222222222222
7 0.24375 0.4027777777777778 0.1609375 0.10277777777777777
0 0.38671875 0.4777777777777778 0.03125 0.07777777777777778
0 0.3203125 0.43819444444444444 0.0125 0.07361111111111111
0 0.2578125 0.43472222222222223 0.01875 0.06666666666666667
0 0.2515625 0.44375 0.0125 0.07083333333333333
0 0.22265625 0.4701388888888889 0.015625 0.06805555555555555
0 0.20078125 0.425 0.015625 0.06666666666666667
0 0.171484375 0.4354166666666667 0.01015625 0.07083333333333333
0 0.1625 0.4305555555555556 0.0140625 0.06388888888888888
0 0.140234375 0.44305555555555554 0.01953125 0.075
0 0.121484375 0.4388888888888889 0.01484375 0.075
0 0.02421875 0.525 0.0203125 0.09722222222222222
0 0.055859375 0.5090277777777777 0.01796875 0.0875
0 0.0640625 0.4895833333333333 0.0203125 0.09027777777777778
0 0.1109375 0.4847222222222222 0.0171875 0.09166666666666666