3 0.72890625 0.49583333333333335 0.0109375 0.016666666666666666
2 0.65078125 0.4986111111111111 0.03125 0.175
0 0.951171875 0.44305555555555554 0.03828125 0.1527777777777778
0 0.9640625 0.5034722222222222 0.0453125 0.16805555555555557
0 0.960546875 0.8979166666666667 0.07890625 0.20416666666666666
0 0.70625 0.6388888888888888 0.053125 0.22777777777777777
0 0.79453125 0.4875 0.05 0.16111111111111112
0 0.721875 0.44930555555555557 0.059375 0.1486111111111111
0 0.54453125 0.44583333333333336 0.0375 0.10833333333333334
0 0.561328125 0.4263888888888889 0.03828125 0.1361111111111111
0 0.36484375 0.49444444444444446 0.046875 0.18888888888888888
0 0.119921875 0.5854166666666667 0.08671875 0.2152777777777778