3 0.838671875 0.4465277777777778 0.00703125 0.009722222222222222
0 0.859765625 0.33958333333333335 0.01484375 0.0875
1 0.728125 0.2701388888888889 0.0140625 0.059722222222222225
5 0.58984375 0.29375 0.0046875 0.006944444444444444
0 0.56875 0.3486111111111111 0.0234375 0.06944444444444445
7 0.723046875 0.23333333333333334 0.11953125 0.09444444444444444
0 0.8578125 0.5729166666666666 0.046875 0.14583333333333334
0 0.682421875 0.5375 0.05390625 0.13055555555555556
0 0.350390625 0.7868055555555555 0.04296875 0.20416666666666666
0 0.21171875 0.7180555555555556 0.0515625 0.19444444444444445
0 0.299609375 0.4361111111111111 0.02578125 0.11944444444444445
0 0.349609375 0.41388888888888886 0.02421875 0.1111111111111111
0 0.370703125 0.28055555555555556 0.02109375 0.06388888888888888
6 0.39375 0.21875 0.0109375 0.03194444444444444
0 0.068359375 0.26875 0.01328125 0.059722222222222225