3 0.234375 0.5284722222222222 0.0125 0.020833333333333332
1 0.205859375 0.30069444444444443 0.01640625 0.05694444444444444
5 0.26796875 0.3020833333333333 0.0046875 0.006944444444444444
7 0.141015625 0.2611111111111111 0.11484375 0.08333333333333333
6 0.44140625 0.2263888888888889 0.0078125 0.027777777777777776
0 0.262109375 0.4284722222222222 0.04140625 0.12361111111111112
0 0.30234375 0.4465277777777778 0.025 0.10138888888888889
0 0.32265625 0.3819444444444444 0.0203125 0.1
0 0.584765625 0.4486111111111111 0.02890625 0.125
0 0.696875 0.49583333333333335 0.0421875 0.13333333333333333
0 0.76484375 0.3729166666666667 0.0171875 0.08472222222222223
2 0.871484375 0.4666666666666667 0.02578125 0.11388888888888889
0 0.7546875 0.31527777777777777 0.01875 0.06111111111111111
0 0.816796875 0.7208333333333333 0.08046875 0.18888888888888888
0 0.6421875 0.63125 0.0375 0.17916666666666667
0 0.4828125 0.8368055555555556 0.05625 0.24027777777777778
0 0.296875 0.7444444444444445 0.05 0.18611111111111112