3 0.738671875 0.6840277777777778 0.02109375 0.034722222222222224
0 0.818359375 0.4791666666666667 0.05390625 0.15555555555555556
0 0.637890625 0.4722222222222222 0.04765625 0.1388888888888889
0 0.563671875 0.8416666666666667 0.09140625 0.2611111111111111
0 0.28359375 0.7104166666666667 0.075 0.22083333333333333
0 0.0921875 0.3902777777777778 0.0515625 0.125
0 0.108984375 0.1486111111111111 0.02421875 0.06944444444444445
0 0.1046875 0.1076388888888889 0.0140625 0.05138888888888889
0 0.378125 0.10902777777777778 0.0171875 0.07083333333333333
0 0.57734375 0.2111111111111111 0.01875 0.10277777777777777
0 0.81484375 0.21180555555555555 0.0140625 0.08472222222222223
1 0.78671875 0.09791666666666667 0.009375 0.05138888888888889
7 0.663671875 0.05347222222222222 0.10078125 0.0763888888888889
6 0.3921875 0.034722222222222224 0.0109375 0.027777777777777776