5 0.45625 0.42291666666666666 0.0109375 0.0125
3 0.215234375 0.5138888888888888 0.01328125 0.019444444444444445
1 0.6984375 0.3416666666666667 0.028125 0.08333333333333333
7 0.72890625 0.30277777777777776 0.2515625 0.19444444444444445
0 0.758203125 0.45555555555555555 0.03671875 0.1361111111111111
0 0.63984375 0.4548611111111111 0.025 0.1486111111111111
0 0.676953125 0.5777777777777777 0.03984375 0.18888888888888888
0 0.774609375 0.81875 0.06328125 0.2625
0 0.065234375 0.8729166666666667 0.07578125 0.25416666666666665
0 0.148828125 0.4847222222222222 0.05234375 0.17222222222222222
0 0.200390625 0.45902777777777776 0.03828125 0.14305555555555555
0 0.35703125 0.41388888888888886 0.0421875 0.12222222222222222
0 0.390234375 0.45416666666666666 0.03359375 0.1111111111111111
6 0.034375 0.26944444444444443 0.03125 0.06944444444444445