3 0.815234375 0.6326388888888889 0.00859375 0.0125
0 0.838671875 0.5951388888888889 0.02890625 0.0875
1 0.5796875 0.4222222222222222 0.0109375 0.05277777777777778
0 0.690234375 0.4548611111111111 0.01328125 0.059722222222222225
7 0.64921875 0.3958333333333333 0.109375 0.08055555555555556
0 0.503125 0.4576388888888889 0.021875 0.0625
0 0.36640625 0.4270833333333333 0.015625 0.05138888888888889
6 0.3625 0.37916666666666665 0.0125 0.030555555555555555
0 0.29296875 0.5479166666666667 0.01875 0.09861111111111111
0 0.188671875 0.5090277777777777 0.02109375 0.08194444444444444
0 0.1265625 0.63125 0.025 0.09583333333333334
0 0.0171875 0.6583333333333333 0.025 0.125
0 0.015234375 0.4527777777777778 0.01484375 0.058333333333333334
0 0.13828125 0.41944444444444445 0.0171875 0.05