5 0.856640625 0.42777777777777776 0.01015625 0.013888888888888888
1 0.7375 0.3645833333333333 0.0125 0.07361111111111111
7 0.666015625 0.3368055555555556 0.17265625 0.11527777777777778
0 0.671484375 0.4263888888888889 0.02734375 0.09444444444444444
0 0.89296875 0.3958333333333333 0.015625 0.09722222222222222
0 0.953125 0.4048611111111111 0.025 0.07916666666666666
0 0.989453125 0.4625 0.02109375 0.11944444444444445
0 0.525 0.4930555555555556 0.0265625 0.10277777777777777
0 0.4640625 0.5180555555555556 0.0203125 0.11666666666666667
0 0.43671875 0.4791666666666667 0.028125 0.11388888888888889
3 0.28984375 0.6208333333333333 0.009375 0.016666666666666666
0 0.26484375 0.5805555555555556 0.04375 0.125
0 0.2703125 0.5666666666666667 0.0265625 0.10833333333333334