5 0.0875 0.5131944444444444 0.0109375 0.0125
1 0.35859375 0.44305555555555554 0.0203125 0.08888888888888889
4 0.182421875 0.11736111111111111 0.22421875 0.04583333333333333
4 0.041796875 0.11597222222222223 0.02578125 0.043055555555555555
4 0.9359375 0.9166666666666666 0.0546875 0.08888888888888889
7 0.33125 0.3729166666666667 0.1828125 0.15694444444444444
0 0.6890625 0.5965277777777778 0.021875 0.09305555555555556
0 0.67421875 0.5833333333333334 0.0328125 0.09444444444444444
0 0.347265625 0.6048611111111111 0.03359375 0.10972222222222222
0 0.1203125 0.6868055555555556 0.0484375 0.13194444444444445
0 0.016015625 0.8618055555555556 0.03203125 0.19305555555555556