6 0.076953125 0.28958333333333336 0.02421875 0.06805555555555555
4 0.182421875 0.11805555555555555 0.22578125 0.05
4 0.04140625 0.11597222222222223 0.028125 0.04027777777777778
4 0.937890625 0.9166666666666666 0.05546875 0.08333333333333333
2 0.49921875 0.5638888888888889 0.0421875 0.08888888888888889
0 0.5203125 0.6666666666666666 0.028125 0.10555555555555556
0 0.624609375 0.6541666666666667 0.03984375 0.11944444444444445
0 0.992578125 0.5826388888888889 0.01484375 0.09583333333333334
0 0.91015625 0.4618055555555556 0.0234375 0.0875
0 0.65234375 0.46597222222222223 0.0359375 0.08472222222222223
0 0.5984375 0.42569444444444443 0.028125 0.07361111111111111
0 0.6109375 0.4076388888888889 0.0171875 0.0763888888888889
0 0.548046875 0.36875 0.02890625 0.06805555555555555
0 0.4890625 0.3548611111111111 0.0203125 0.07083333333333333
0 0.478125 0.3861111111111111 0.025 0.06666666666666667
0 0.469921875 0.4777777777777778 0.02890625 0.08055555555555556
0 0.42109375 0.37777777777777777 0.01875 0.06944444444444445
0 0.328125 0.5236111111111111 0.0296875 0.09166666666666666
0 0.373046875 0.41180555555555554 0.03359375 0.09861111111111111
4 0.62734375 0.06875 0.00625 0.009722222222222222
0 0.284765625 0.44166666666666665 0.02578125 0.06944444444444445
0 0.292578125 0.4305555555555556 0.01953125 0.07777777777777778
0 0.234765625 0.46944444444444444 0.03046875 0.08055555555555556
0 0.1125 0.5756944444444444 0.034375 0.09861111111111111
0 0.078125 0.5965277777777778 0.0390625 0.09861111111111111