6 0.962109375 0.2326388888888889 0.03046875 0.09027777777777778
4 0.9375 0.9180555555555555 0.059375 0.07777777777777778
0 0.806640625 0.8604166666666667 0.06484375 0.1986111111111111
0 0.83828125 0.36180555555555555 0.0328125 0.10138888888888889
0 0.71875 0.3090277777777778 0.0203125 0.09861111111111111
0 0.694921875 0.3173611111111111 0.03515625 0.09305555555555556
0 0.622265625 0.44583333333333336 0.04453125 0.13055555555555556
0 0.46875 0.32916666666666666 0.0328125 0.10555555555555556
0 0.43359375 0.3229166666666667 0.0359375 0.10138888888888889
2 0.33828125 0.4409722222222222 0.03125 0.12638888888888888
4 0.182421875 0.11736111111111111 0.22734375 0.04861111111111111
4 0.04140625 0.11805555555555555 0.028125 0.041666666666666664
0 0.054296875 0.4 0.03359375 0.09166666666666666
0 0.1421875 0.40069444444444446 0.028125 0.09583333333333334
0 0.169140625 0.3875 0.04140625 0.1
0 0.224609375 0.49236111111111114 0.03828125 0.11805555555555555
0 0.22578125 0.8645833333333334 0.0671875 0.22916666666666666