5 0.49296875 0.525 0.0125 0.008333333333333333
4 0.937890625 0.91875 0.05859375 0.08194444444444444
4 0.18359375 0.11597222222222223 0.225 0.04861111111111111
4 0.0421875 0.11805555555555555 0.0265625 0.03611111111111111
7 0.84296875 0.43819444444444444 0.159375 0.20694444444444443
6 0.5640625 0.25625 0.0203125 0.059722222222222225
3 0.281640625 0.5256944444444445 0.01015625 0.015277777777777777
2 0.27734375 0.4340277777777778 0.034375 0.10138888888888889
0 0.2796875 0.49444444444444446 0.04375 0.09444444444444444
0 0.44609375 0.36041666666666666 0.0453125 0.0763888888888889
0 0.43203125 0.4986111111111111 0.05 0.05
0 0.49609375 0.4875 0.0359375 0.1
0 0.51328125 0.5201388888888889 0.0234375 0.10694444444444444
0 0.5625 0.5659722222222222 0.053125 0.10416666666666667
0 0.55234375 0.6444444444444445 0.025 0.1111111111111111
0 0.533984375 0.46111111111111114 0.01953125 0.07777777777777778
0 0.53203125 0.42916666666666664 0.028125 0.08888888888888889
1 0.736328125 0.46458333333333335 0.02890625 0.0875
0 0.113671875 0.43125 0.04140625 0.10972222222222222
0 0.12890625 0.5305555555555556 0.025 0.10833333333333334