5 0.832421875 0.5583333333333333 0.01015625 0.008333333333333333
4 0.93828125 0.9194444444444444 0.0546875 0.07777777777777778
4 0.039453125 0.11666666666666667 0.02578125 0.041666666666666664
4 0.18203125 0.11597222222222223 0.221875 0.043055555555555555
6 0.58984375 0.3416666666666667 0.0171875 0.05277777777777778
1 0.973828125 0.4583333333333333 0.02421875 0.09444444444444444
2 0.323046875 0.44166666666666665 0.01953125 0.08055555555555556
0 0.694140625 0.49027777777777776 0.01953125 0.09444444444444444
0 0.678515625 0.5854166666666667 0.02421875 0.10416666666666667
0 0.587109375 0.625 0.02734375 0.10555555555555556
0 0.613671875 0.39375 0.01328125 0.06805555555555555
0 0.54765625 0.3875 0.01875 0.06944444444444445
0 0.54296875 0.4847222222222222 0.025 0.1
0 0.479296875 0.4048611111111111 0.01484375 0.07083333333333333
0 0.401171875 0.4041666666666667 0.02421875 0.07222222222222222
0 0.27578125 0.48541666666666666 0.0203125 0.08194444444444444
0 0.248828125 0.4840277777777778 0.02265625 0.08472222222222223
0 0.0625 0.5069444444444444 0.0296875 0.08888888888888889
0 0.053125 0.43680555555555556 0.0234375 0.07083333333333333
0 0.015234375 0.43194444444444446 0.02734375 0.07222222222222222