4 0.937890625 0.9173611111111111 0.05546875 0.07916666666666666
4 0.041015625 0.11666666666666667 0.02578125 0.03333333333333333
4 0.18203125 0.12013888888888889 0.2265625 0.04583333333333333
6 0.492578125 0.3013888888888889 0.02265625 0.058333333333333334
2 0.211328125 0.45625 0.02421875 0.09305555555555556
1 0.90859375 0.42569444444444443 0.021875 0.09583333333333334
7 0.95859375 0.3993055555555556 0.0828125 0.1486111111111111
0 0.93828125 0.74375 0.0359375 0.13472222222222222
0 0.843359375 0.5541666666666667 0.02265625 0.10833333333333334
0 0.796875 0.5819444444444445 0.040625 0.12222222222222222
0 0.751953125 0.4986111111111111 0.03046875 0.1111111111111111
0 0.5953125 0.44722222222222224 0.028125 0.08611111111111111
0 0.398828125 0.48333333333333334 0.02109375 0.10277777777777777
0 0.371875 0.38055555555555554 0.01875 0.08333333333333333
0 0.3140625 0.36527777777777776 0.0171875 0.06388888888888888
0 0.302734375 0.4236111111111111 0.02734375 0.08611111111111111
0 0.196875 0.38472222222222224 0.01875 0.08055555555555556
0 0.248046875 0.8791666666666667 0.05234375 0.15
0 0.0984375 0.4201388888888889 0.01875 0.08472222222222223
0 0.00703125 0.5791666666666667 0.0140625 0.075