5 0.41953125 0.63125 0.0140625 0.009722222222222222
3 0.153125 0.68125 0.0109375 0.020833333333333332
1 0.672265625 0.5180555555555556 0.03828125 0.10833333333333334
4 0.937109375 0.9159722222222222 0.05859375 0.0875
4 0.041015625 0.11875 0.02578125 0.0375
4 0.183203125 0.11597222222222223 0.22421875 0.043055555555555555
6 0.033203125 0.30833333333333335 0.03359375 0.09166666666666666
7 0.784765625 0.4597222222222222 0.27734375 0.24166666666666667
0 0.74765625 0.6965277777777777 0.0359375 0.15416666666666667
0 0.628125 0.6263888888888889 0.0375 0.14166666666666666
0 0.5140625 0.6159722222222223 0.025 0.1486111111111111
0 0.43203125 0.5472222222222223 0.0296875 0.125
0 0.415625 0.5708333333333333 0.0484375 0.13333333333333333
0 0.371484375 0.5125 0.03984375 0.13055555555555556
0 0.353125 0.6104166666666667 0.078125 0.08472222222222223
0 0.17421875 0.6340277777777777 0.0640625 0.1597222222222222
0 0.115234375 0.45416666666666666 0.07265625 0.12222222222222222
0 0.014453125 0.7097222222222223 0.02890625 0.175