5 0.683984375 0.5340277777777778 0.01015625 0.006944444444444444
3 0.40546875 0.36736111111111114 0.0078125 0.0125
6 0.4640625 0.33819444444444446 0.0203125 0.05138888888888889
4 0.041015625 0.11597222222222223 0.02734375 0.0375
4 0.182421875 0.11597222222222223 0.22109375 0.043055555555555555
4 0.937890625 0.9125 0.05390625 0.075
1 0.77109375 0.4534722222222222 0.0171875 0.08194444444444444
7 0.9109375 0.4388888888888889 0.178125 0.14722222222222223
0 0.469921875 0.7138888888888889 0.02421875 0.11666666666666667
0 0.416796875 0.5861111111111111 0.02265625 0.09444444444444444
0 0.33125 0.5027777777777778 0.028125 0.08888888888888889
0 0.28359375 0.55625 0.025 0.10694444444444444
0 0.080859375 0.5305555555555556 0.02109375 0.09166666666666666
2 0.037890625 0.46458333333333335 0.02890625 0.07916666666666666
0 0.03828125 0.4152777777777778 0.0234375 0.06666666666666667
0 0.128125 0.425 0.025 0.07222222222222222
0 0.17578125 0.38125 0.01875 0.06527777777777778