3 0.20390625 0.3888888888888889 0.009375 0.013888888888888888
6 0.9453125 0.26944444444444443 0.015625 0.08333333333333333
0 0.813671875 0.4027777777777778 0.03515625 0.1111111111111111
0 0.66015625 0.3861111111111111 0.021875 0.10833333333333334
2 0.568359375 0.375 0.02265625 0.10555555555555556
0 0.572265625 0.3215277777777778 0.01796875 0.08472222222222223
0 0.53359375 0.3090277777777778 0.03125 0.08472222222222223
0 0.48046875 0.45902777777777776 0.0296875 0.10972222222222222
0 0.430078125 0.35555555555555557 0.02265625 0.09444444444444444
0 0.2796875 0.425 0.034375 0.10555555555555556
0 0.176171875 0.4 0.03515625 0.09444444444444444
0 0.1671875 0.35347222222222224 0.034375 0.0875
4 0.20625 0.09722222222222222 0.2171875 0.04722222222222222