3 0.478515625 0.6388888888888888 0.01328125 0.022222222222222223
2 0.476953125 0.30277777777777776 0.02421875 0.08611111111111111
0 0.972265625 0.5868055555555556 0.04296875 0.13472222222222222
0 0.945703125 0.5152777777777777 0.04921875 0.12222222222222222
0 0.945703125 0.3902777777777778 0.04453125 0.11388888888888889
0 0.95390625 0.25555555555555554 0.0296875 0.08333333333333333
0 0.823046875 0.2125 0.01953125 0.09444444444444444
0 0.794140625 0.23125 0.01953125 0.08472222222222223
0 0.77734375 0.2590277777777778 0.0203125 0.08472222222222223
0 0.7515625 0.3298611111111111 0.03125 0.09583333333333334
0 0.777734375 0.15486111111111112 0.01796875 0.0763888888888889
0 0.626171875 0.1909722222222222 0.02109375 0.06805555555555555
0 0.5859375 0.19166666666666668 0.0234375 0.06666666666666667
0 0.487890625 0.4791666666666667 0.04140625 0.10277777777777777
0 0.420703125 0.5923611111111111 0.03828125 0.12083333333333333
0 0.342578125 0.5756944444444444 0.04140625 0.12916666666666668
0 0.359375 0.44166666666666665 0.0296875 0.11388888888888889
0 0.45 0.26666666666666666 0.021875 0.08611111111111111
4 0.20703125 0.09652777777777778 0.215625 0.04583333333333333
0 0.215234375 0.2625 0.02734375 0.09444444444444444
6 0.97265625 0.10972222222222222 0.021875 0.06111111111111111