5 0.413671875 0.3548611111111111 0.00546875 0.006944444444444444
3 0.466796875 0.28402777777777777 0.00859375 0.015277777777777777
1 0.172265625 0.30486111111111114 0.03671875 0.08194444444444444
7 0.0546875 0.29305555555555557 0.10625 0.20555555555555555
4 0.2078125 0.09791666666666667 0.215625 0.04583333333333333
6 0.2765625 0.1388888888888889 0.009375 0.03888888888888889
0 0.5015625 0.23541666666666666 0.03125 0.07361111111111111
0 0.55234375 0.22083333333333333 0.028125 0.08611111111111111
0 0.57109375 0.2388888888888889 0.0203125 0.06944444444444445
0 0.584765625 0.27569444444444446 0.03359375 0.0763888888888889
0 0.581640625 0.3597222222222222 0.03984375 0.08888888888888889
0 0.63828125 0.25833333333333336 0.0203125 0.09166666666666666
0 0.5890625 0.18194444444444444 0.021875 0.06666666666666667
0 0.665625 0.22013888888888888 0.01875 0.0763888888888889
0 0.6796875 0.30069444444444443 0.034375 0.09305555555555556
0 0.673828125 0.29097222222222224 0.03203125 0.08194444444444444
0 0.698046875 0.1875 0.01796875 0.075
0 0.7765625 0.2263888888888889 0.0203125 0.08888888888888889
0 0.7859375 0.2375 0.021875 0.06944444444444445
0 0.790234375 0.2743055555555556 0.03515625 0.0875
2 0.98046875 0.3055555555555556 0.0390625 0.1
0 0.7484375 0.7 0.0375 0.18055555555555555