3 0.161328125 0.75 0.01171875 0.019444444444444445
5 0.765625 0.43819444444444444 0.0046875 0.006944444444444444
1 0.52890625 0.3611111111111111 0.0296875 0.07777777777777778
2 0.8453125 0.6083333333333333 0.0296875 0.13055555555555556
7 0.5078125 0.3263888888888889 0.18125 0.1527777777777778
4 0.20703125 0.09930555555555555 0.2125 0.04583333333333333
0 0.18515625 0.7041666666666667 0.053125 0.11666666666666667
0 0.23828125 0.6319444444444444 0.05 0.13055555555555556
0 0.56640625 0.5722222222222222 0.040625 0.1361111111111111
0 0.969140625 0.8138888888888889 0.02734375 0.17222222222222222
0 0.689453125 0.41180555555555554 0.03046875 0.0875
0 0.734765625 0.4076388888888889 0.03203125 0.09861111111111111
0 0.850390625 0.45694444444444443 0.02734375 0.10555555555555556
0 0.828515625 0.37777777777777777 0.04453125 0.09722222222222222
0 0.944140625 0.3763888888888889 0.03359375 0.08611111111111111
0 0.9328125 0.3368055555555556 0.0234375 0.08194444444444444