3 0.57578125 0.7013888888888888 0.015625 0.022222222222222223
2 0.3265625 0.5111111111111111 0.015625 0.08611111111111111
1 0.031640625 0.3597222222222222 0.02734375 0.06111111111111111
5 0.104296875 0.39305555555555555 0.00546875 0.005555555555555556
6 0.2640625 0.23541666666666666 0.0109375 0.0375
0 0.2859375 0.8131944444444444 0.053125 0.14305555555555555
0 0.084375 0.6465277777777778 0.0375 0.09861111111111111
0 0.179296875 0.5472222222222223 0.03671875 0.08611111111111111
0 0.03046875 0.6173611111111111 0.0328125 0.0875
0 0.234765625 0.46111111111111114 0.02421875 0.075
0 0.3984375 0.5354166666666667 0.034375 0.09305555555555556
0 0.360546875 0.44583333333333336 0.02734375 0.06944444444444445
0 0.3140625 0.4284722222222222 0.01875 0.06805555555555555
0 0.3375 0.40694444444444444 0.0234375 0.075
0 0.300390625 0.39861111111111114 0.02421875 0.075
0 0.3109375 0.36736111111111114 0.01875 0.07361111111111111
0 0.39921875 0.3645833333333333 0.0171875 0.0625
0 0.380859375 0.34930555555555554 0.01953125 0.0625
0 0.44921875 0.3458333333333333 0.015625 0.058333333333333334
0 0.4140625 0.32569444444444445 0.015625 0.059722222222222225
0 0.45859375 0.3020833333333333 0.015625 0.05694444444444444
0 0.63671875 0.6479166666666667 0.03125 0.09305555555555556
0 0.66640625 0.5798611111111112 0.028125 0.09861111111111111
0 0.884375 0.4166666666666667 0.028125 0.075
4 0.2078125 0.09652777777777778 0.2125 0.043055555555555555