2 0.37734375 0.5333333333333333 0.0390625 0.11388888888888889
0 0.08828125 0.55625 0.040625 0.12083333333333333
0 0.009765625 0.4951388888888889 0.01953125 0.13194444444444445
0 0.1078125 0.40347222222222223 0.0421875 0.10416666666666667
0 0.25390625 0.33194444444444443 0.03125 0.09444444444444444
0 0.247265625 0.43819444444444444 0.03046875 0.09861111111111111
0 0.346484375 0.40208333333333335 0.03515625 0.10416666666666667
0 0.387890625 0.4625 0.02265625 0.11388888888888889
0 0.42109375 0.4756944444444444 0.0390625 0.10138888888888889
0 0.46015625 0.425 0.0328125 0.08888888888888889
0 0.494140625 0.39305555555555555 0.03515625 0.08333333333333333
0 0.477734375 0.37083333333333335 0.03515625 0.07777777777777778
0 0.4703125 0.28541666666666665 0.025 0.06805555555555555
0 0.83046875 0.45902777777777776 0.028125 0.09861111111111111
4 0.20859375 0.09722222222222222 0.2140625 0.044444444444444446