5 0.537890625 0.48125 0.00703125 0.006944444444444444
3 0.490625 0.6888888888888889 0.0109375 0.022222222222222223
1 0.785546875 0.40069444444444446 0.03828125 0.11527777777777778
7 0.84609375 0.35208333333333336 0.21875 0.1875
4 0.2078125 0.09791666666666667 0.2140625 0.04583333333333333
6 0.266796875 0.2222222222222222 0.02109375 0.07222222222222222
0 0.366796875 0.2625 0.02734375 0.08055555555555556
0 0.37734375 0.31180555555555556 0.021875 0.09027777777777778
0 0.2921875 0.3215277777777778 0.025 0.09027777777777778
0 0.283203125 0.42986111111111114 0.02421875 0.10694444444444444
2 0.16640625 0.4166666666666667 0.021875 0.10555555555555556
0 0.04765625 0.4125 0.0296875 0.10277777777777777
0 0.087109375 0.33194444444444443 0.02578125 0.10833333333333334
0 0.021875 0.7729166666666667 0.04375 0.1597222222222222
0 0.365625 0.5201388888888889 0.0234375 0.12916666666666668
0 0.610546875 0.6006944444444444 0.04296875 0.10972222222222222
0 0.612109375 0.5395833333333333 0.03515625 0.10972222222222222
0 0.58125 0.4041666666666667 0.028125 0.10555555555555556
0 0.54296875 0.3576388888888889 0.0296875 0.10416666666666667
0 0.530078125 0.3902777777777778 0.03359375 0.09166666666666666
0 0.5296875 0.42430555555555555 0.021875 0.09305555555555556
0 0.51796875 0.4423611111111111 0.0328125 0.10416666666666667
0 0.51015625 0.46319444444444446 0.0296875 0.10972222222222222