3 0.39375 0.45 0.009375 0.016666666666666666
5 0.915234375 0.45069444444444445 0.00703125 0.0125
1 0.626953125 0.38055555555555554 0.02265625 0.07222222222222222
2 0.68515625 0.6368055555555555 0.0296875 0.13194444444444445
4 0.208984375 0.09583333333333334 0.21484375 0.03888888888888889
7 0.65078125 0.3347222222222222 0.1890625 0.1527777777777778
0 0.87109375 0.7152777777777778 0.0421875 0.14166666666666666
0 0.80625 0.6694444444444444 0.03125 0.14444444444444443
0 0.968359375 0.3875 0.03671875 0.08611111111111111
0 0.95078125 0.4215277777777778 0.0359375 0.09861111111111111
0 0.919921875 0.3645833333333333 0.02421875 0.0875
0 0.762109375 0.42083333333333334 0.03515625 0.08888888888888889
0 0.66953125 0.48055555555555557 0.0265625 0.1111111111111111
0 0.6890625 0.55 0.0265625 0.11666666666666667
0 0.510546875 0.4423611111111111 0.04453125 0.09305555555555556
0 0.401953125 0.4909722222222222 0.02265625 0.0875
0 0.3625 0.5097222222222222 0.034375 0.10555555555555556
0 0.294140625 0.5388888888888889 0.03359375 0.10555555555555556
0 0.323046875 0.6694444444444444 0.04140625 0.1388888888888889
0 0.0359375 0.7076388888888889 0.053125 0.14583333333333334