3 0.119140625 0.5263888888888889 0.01484375 0.016666666666666666
1 0.428515625 0.19791666666666666 0.01953125 0.07083333333333333
7 0.333984375 0.1701388888888889 0.13984375 0.11805555555555555
4 0.207421875 0.09652777777777778 0.21484375 0.04583333333333333
6 0.69609375 0.08194444444444444 0.0125 0.04722222222222222
2 0.6796875 0.43472222222222223 0.03125 0.08611111111111111
0 0.38125 0.7881944444444444 0.0484375 0.1486111111111111
0 0.37265625 0.6430555555555556 0.04375 0.12222222222222222
0 0.30703125 0.43819444444444444 0.0421875 0.0763888888888889
0 0.29296875 0.4097222222222222 0.040625 0.08611111111111111
0 0.349609375 0.3763888888888889 0.02734375 0.08611111111111111
0 0.986328125 0.5 0.02734375 0.12222222222222222
0 0.898828125 0.36180555555555555 0.02109375 0.10972222222222222
0 0.79453125 0.42291666666666666 0.0296875 0.10138888888888889
0 0.65859375 0.3902777777777778 0.03125 0.09722222222222222
0 0.53125 0.2881944444444444 0.0234375 0.08194444444444444
0 0.606640625 0.28055555555555556 0.01640625 0.07777777777777778
0 0.61640625 0.25625 0.025 0.06527777777777778
0 0.605078125 0.24027777777777778 0.02421875 0.07222222222222222
0 0.696875 0.23541666666666666 0.025 0.08194444444444444
0 0.684375 0.2152777777777778 0.01875 0.06666666666666667
0 0.748046875 0.20416666666666666 0.02265625 0.06388888888888888