3 0.247265625 0.44930555555555557 0.02109375 0.034722222222222224
6 0.815234375 0.025 0.04609375 0.05
4 0.2078125 0.09861111111111111 0.215625 0.05
7 0.196875 0.3798611111111111 0.3578125 0.5125
0 0.8921875 0.7465277777777778 0.1046875 0.3347222222222222
0 0.934765625 0.41180555555555554 0.07890625 0.1736111111111111
0 0.85703125 0.4041666666666667 0.0375 0.25277777777777777
0 0.805859375 0.30416666666666664 0.06484375 0.21666666666666667
0 0.505859375 0.47152777777777777 0.06015625 0.24305555555555555
1 0.541796875 0.3770833333333333 0.11484375 0.0763888888888889
0 0.869921875 0.2548611111111111 0.07109375 0.17083333333333334
0 0.931640625 0.19444444444444445 0.07734375 0.23333333333333334