5 0.23359375 0.27847222222222223 0.00625 0.009722222222222222
7 0.076953125 0.2263888888888889 0.11328125 0.1
4 0.209375 0.09652777777777778 0.215625 0.04027777777777778
5 0.358203125 0.1451388888888889 0.01328125 0.04861111111111111
2 0.563671875 0.5090277777777777 0.02421875 0.09305555555555556
1 0.1375 0.26319444444444445 0.0171875 0.05694444444444444
0 0.24296875 0.49375 0.025 0.0875
0 0.255859375 0.37222222222222223 0.01953125 0.075
0 0.34140625 0.42986111111111114 0.0203125 0.09027777777777778
0 0.43203125 0.31805555555555554 0.015625 0.06388888888888888
0 0.458984375 0.30486111111111114 0.01796875 0.06527777777777778
0 0.582421875 0.3215277777777778 0.01328125 0.07361111111111111
0 0.59765625 0.36319444444444443 0.01875 0.07083333333333333
0 0.62109375 0.26944444444444443 0.01875 0.06111111111111111
0 0.7359375 0.36666666666666664 0.0296875 0.07777777777777778
0 0.842578125 0.3659722222222222 0.01953125 0.0625
0 0.837890625 0.4444444444444444 0.02265625 0.07777777777777778
0 0.849609375 0.46458333333333335 0.02734375 0.0763888888888889
0 0.861328125 0.5597222222222222 0.03671875 0.09722222222222222
0 0.558984375 0.6756944444444445 0.03359375 0.10972222222222222
0 0.59765625 0.8104166666666667 0.028125 0.12638888888888888
0 0.45078125 0.6763888888888889 0.01875 0.12222222222222222
0 0.896875 0.8444444444444444 0.053125 0.14166666666666666