3 0.169140625 0.37083333333333335 0.00546875 0.011111111111111112
0 0.204296875 0.3284722222222222 0.01640625 0.08194444444444444
6 0.157421875 0.33611111111111114 0.03203125 0.075
2 0.237109375 0.5326388888888889 0.02578125 0.13194444444444445
0 0.066015625 0.6145833333333334 0.02109375 0.1375
0 0.0890625 0.5291666666666667 0.025 0.1111111111111111
0 0.187109375 0.6104166666666667 0.02734375 0.12638888888888888
1 0.75703125 0.5152777777777777 0.0171875 0.11944444444444445
0 0.72734375 0.5159722222222223 0.028125 0.11805555555555555
0 0.66171875 0.5243055555555556 0.01875 0.10972222222222222
0 0.673046875 0.5131944444444444 0.01796875 0.12083333333333333
0 0.6484375 0.5027777777777778 0.0234375 0.11388888888888889
0 0.58828125 0.5895833333333333 0.03125 0.10416666666666667
0 0.562890625 0.5743055555555555 0.02734375 0.10694444444444444
0 0.558203125 0.6069444444444444 0.01953125 0.11388888888888889
0 0.53828125 0.5909722222222222 0.028125 0.11805555555555555
0 0.51796875 0.5930555555555556 0.0265625 0.12777777777777777
0 0.526171875 0.6375 0.03515625 0.125
0 0.4796875 0.6555555555555556 0.03125 0.125
7 0.8015625 0.4888888888888889 0.225 0.2222222222222222
4 0.207421875 0.09791666666666667 0.21328125 0.04583333333333333