5 0.936328125 0.5854166666666667 0.01015625 0.015277777777777777
3 0.396875 0.3625 0.0046875 0.011111111111111112
2 0.39140625 0.3909722222222222 0.0265625 0.09861111111111111
0 0.4203125 0.3333333333333333 0.028125 0.07777777777777778
0 0.45625 0.3333333333333333 0.028125 0.08333333333333333
6 0.63359375 0.2923611111111111 0.01875 0.08194444444444444
0 0.24140625 0.39375 0.0265625 0.09583333333333334
0 0.0515625 0.46041666666666664 0.034375 0.09861111111111111
0 0.06640625 0.5347222222222222 0.04375 0.125
0 0.5484375 0.4173611111111111 0.0265625 0.10138888888888889
0 0.770703125 0.45069444444444445 0.02421875 0.10972222222222222
0 0.6453125 0.5236111111111111 0.034375 0.13055555555555556
0 0.652734375 0.5055555555555555 0.05234375 0.1
0 0.72109375 0.6361111111111111 0.0328125 0.13333333333333333
0 0.833984375 0.6180555555555556 0.03046875 0.14722222222222223
0 0.84296875 0.5326388888888889 0.0265625 0.12916666666666668
0 0.86171875 0.5256944444444445 0.025 0.12361111111111112
4 0.208203125 0.09791666666666667 0.21484375 0.04583333333333333