1 0.8640625 0.23958333333333334 0.0171875 0.0625
5 0.820703125 0.2513888888888889 0.00546875 0.008333333333333333
7 0.9609375 0.19305555555555556 0.078125 0.09722222222222222
6 0.68984375 0.11388888888888889 0.0125 0.03611111111111111
4 0.208984375 0.09722222222222222 0.21328125 0.041666666666666664
2 0.26796875 0.4708333333333333 0.0390625 0.1
0 0.930078125 0.5548611111111111 0.02578125 0.10972222222222222
0 0.72890625 0.6173611111111111 0.053125 0.12916666666666668
0 0.64296875 0.5743055555555555 0.0359375 0.10972222222222222
0 0.658984375 0.3680555555555556 0.02265625 0.08333333333333333
0 0.50234375 0.5611111111111111 0.0359375 0.09722222222222222
0 0.600390625 0.85 0.03046875 0.1527777777777778
0 0.475390625 0.8131944444444444 0.03515625 0.1375
0 0.371875 0.7805555555555556 0.05625 0.12222222222222222
0 0.38125 0.5631944444444444 0.028125 0.10694444444444444
0 0.09609375 0.7104166666666667 0.025 0.1125
0 0.115234375 0.5555555555555556 0.02109375 0.10833333333333334
0 0.416015625 0.2604166666666667 0.01796875 0.04861111111111111
0 0.40546875 0.24513888888888888 0.01875 0.0625