5 0.619140625 0.275 0.00859375 0.011111111111111112
3 0.647265625 0.7465277777777778 0.01015625 0.020833333333333332
1 0.69296875 0.23402777777777778 0.0171875 0.0625
7 0.7890625 0.20625 0.125 0.10972222222222222
6 0.47109375 0.12986111111111112 0.0078125 0.0375
4 0.208203125 0.09652777777777778 0.21640625 0.04583333333333333
2 0.254296875 0.3416666666666667 0.02109375 0.075
0 0.059765625 0.6694444444444444 0.02734375 0.09166666666666666
0 0.203125 0.7097222222222223 0.034375 0.11388888888888889
0 0.2015625 0.4486111111111111 0.0234375 0.08611111111111111
0 0.618359375 0.6770833333333334 0.03984375 0.10972222222222222
0 0.651953125 0.6680555555555555 0.03359375 0.1
0 0.628125 0.40347222222222223 0.015625 0.07916666666666666
0 0.523046875 0.3861111111111111 0.01640625 0.07777777777777778
0 0.42734375 0.3909722222222222 0.0265625 0.07361111111111111
0 0.50546875 0.3020833333333333 0.0203125 0.0763888888888889
0 0.421484375 0.25833333333333336 0.01796875 0.06666666666666667
0 0.34140625 0.23680555555555555 0.015625 0.0625
0 0.31171875 0.22291666666666668 0.015625 0.05138888888888889
0 0.21328125 0.19166666666666668 0.0140625 0.05
0 0.091796875 0.3263888888888889 0.02265625 0.06944444444444445