5 0.625390625 0.4583333333333333 0.00546875 0.011111111111111112
3 0.291015625 0.8097222222222222 0.01171875 0.022222222222222223
2 0.68515625 0.5604166666666667 0.028125 0.09027777777777778
0 0.216796875 0.7916666666666666 0.02890625 0.11666666666666667
1 0.51796875 0.40347222222222223 0.0125 0.05694444444444444
7 0.449609375 0.38055555555555554 0.12578125 0.10833333333333334
0 0.24765625 0.6965277777777777 0.025 0.09583333333333334
0 0.389453125 0.5430555555555555 0.01796875 0.08611111111111111
0 0.4328125 0.7076388888888889 0.0375 0.10138888888888889
0 0.4375 0.6770833333333334 0.01875 0.10138888888888889
0 0.822265625 0.5868055555555556 0.02421875 0.0875
0 0.967578125 0.5069444444444444 0.02421875 0.08055555555555556
0 0.91796875 0.4125 0.0140625 0.058333333333333334
0 0.863671875 0.38958333333333334 0.01484375 0.05416666666666667
0 0.78125 0.39305555555555555 0.0140625 0.06388888888888888
0 0.743359375 0.4013888888888889 0.01484375 0.06111111111111111
0 0.671484375 0.43819444444444444 0.01640625 0.06805555555555555
0 0.655078125 0.46111111111111114 0.02109375 0.06666666666666667
0 0.60234375 0.5645833333333333 0.0171875 0.07916666666666666
0 0.59609375 0.5388888888888889 0.01875 0.06944444444444445
0 0.576171875 0.46875 0.01484375 0.07083333333333333
6 0.7890625 0.3076388888888889 0.009375 0.04583333333333333
4 0.2078125 0.09791666666666667 0.2140625 0.04583333333333333