5 0.676953125 0.5097222222222222 0.01484375 0.019444444444444445
1 0.908203125 0.37916666666666665 0.03359375 0.12777777777777777
2 0.29453125 0.4395833333333333 0.028125 0.12638888888888888
6 0.360546875 0.2076388888888889 0.02578125 0.09305555555555556
4 0.207421875 0.09652777777777778 0.21484375 0.04583333333333333
0 0.2015625 0.3 0.0265625 0.08888888888888889
0 0.2046875 0.5027777777777778 0.0390625 0.15
0 0.4578125 0.39166666666666666 0.034375 0.10555555555555556
3 0.446484375 0.41944444444444445 0.01015625 0.016666666666666666
0 0.458203125 0.48055555555555557 0.03046875 0.10555555555555556
0 0.56015625 0.39166666666666666 0.053125 0.10833333333333334
0 0.550390625 0.3194444444444444 0.03984375 0.09444444444444444
0 0.59453125 0.30694444444444446 0.03125 0.1
0 0.674609375 0.3736111111111111 0.03515625 0.12777777777777777
0 0.742578125 0.47708333333333336 0.04609375 0.13472222222222222
0 0.783984375 0.4152777777777778 0.03671875 0.13055555555555556
0 0.825 0.4354166666666667 0.0359375 0.11805555555555555
0 0.83984375 0.5423611111111111 0.0421875 0.14305555555555555
0 0.6421875 0.8604166666666667 0.0734375 0.18194444444444444
0 0.0078125 0.4666666666666667 0.015625 0.13055555555555556
7 0.955078125 0.34305555555555556 0.08984375 0.20555555555555555