5 0.6453125 0.2972222222222222 0.00625 0.008333333333333333
1 0.775 0.2972222222222222 0.0140625 0.05555555555555555
3 0.8921875 0.5472222222222223 0.009375 0.011111111111111112
7 0.79375 0.24305555555555555 0.1125 0.09722222222222222
6 0.516796875 0.17152777777777778 0.01015625 0.03194444444444444
4 0.2078125 0.09722222222222222 0.2140625 0.044444444444444446
0 0.516796875 0.8430555555555556 0.02734375 0.13055555555555556
0 0.59296875 0.6111111111111112 0.01875 0.11666666666666667
0 0.931640625 0.5520833333333334 0.03203125 0.10138888888888889
0 0.50625 0.3729166666666667 0.01875 0.0763888888888889
0 0.41171875 0.5638888888888889 0.0234375 0.1
0 0.11875 0.6638888888888889 0.034375 0.10555555555555556
0 0.157421875 0.6229166666666667 0.03203125 0.10972222222222222
2 0.020703125 0.5729166666666666 0.01484375 0.09305555555555556
0 0.030078125 0.32222222222222224 0.01953125 0.058333333333333334
0 0.191015625 0.3458333333333333 0.01640625 0.06666666666666667