3 0.667578125 0.5833333333333334 0.00703125 0.013888888888888888
5 0.48046875 0.37430555555555556 0.0046875 0.006944444444444444
1 0.6328125 0.3506944444444444 0.0171875 0.05694444444444444
7 0.66953125 0.2923611111111111 0.1375 0.11805555555555555
0 0.684375 0.5826388888888889 0.0375 0.07916666666666666
0 0.696875 0.5756944444444444 0.059375 0.10972222222222222
6 0.309765625 0.21458333333333332 0.01640625 0.04583333333333333
4 0.208203125 0.09583333333333334 0.21484375 0.044444444444444446
2 0.015234375 0.5923611111111111 0.03046875 0.10694444444444444
0 0.25 0.6743055555555556 0.0328125 0.12083333333333333
0 0.380078125 0.6256944444444444 0.03046875 0.12083333333333333
0 0.21015625 0.4270833333333333 0.028125 0.08472222222222223