4 0.20859375 0.09791666666666667 0.21875 0.04861111111111111
2 0.795703125 0.4534722222222222 0.02421875 0.09305555555555556
0 0.98671875 0.4736111111111111 0.0265625 0.10277777777777777
0 0.864453125 0.4041666666666667 0.03359375 0.09166666666666666
0 0.831640625 0.3888888888888889 0.03671875 0.09722222222222222
0 0.790234375 0.3597222222222222 0.02578125 0.08888888888888889
0 0.774609375 0.4625 0.03671875 0.1111111111111111
0 0.721484375 0.7875 0.05859375 0.16666666666666666
0 0.58046875 0.40208333333333335 0.040625 0.09305555555555556
0 0.3171875 0.7729166666666667 0.0515625 0.15694444444444444
0 0.32109375 0.375 0.0234375 0.06944444444444445
0 0.33515625 0.37777777777777777 0.0328125 0.08055555555555556
0 0.012109375 0.7111111111111111 0.02421875 0.1527777777777778