5 0.800390625 0.48194444444444445 0.00546875 0.008333333333333333
3 0.615234375 0.3680555555555556 0.00546875 0.011111111111111112
7 0.97890625 0.3784722222222222 0.0421875 0.12083333333333333
0 0.710546875 0.4388888888888889 0.02265625 0.08611111111111111
0 0.615234375 0.33541666666666664 0.01953125 0.07361111111111111
6 0.594140625 0.2791666666666667 0.01484375 0.04722222222222222
0 0.621875 0.5277777777777778 0.0296875 0.10277777777777777
0 0.570703125 0.6430555555555556 0.03828125 0.1111111111111111
0 0.583203125 0.9368055555555556 0.05234375 0.12638888888888888
2 0.165234375 0.5798611111111112 0.02890625 0.10972222222222222
0 0.31171875 0.49930555555555556 0.028125 0.10416666666666667
0 0.280859375 0.38125 0.02421875 0.07916666666666666
0 0.109375 0.5229166666666667 0.0296875 0.10138888888888889
4 0.208203125 0.09861111111111111 0.21640625 0.04722222222222222