3 0.64765625 0.40625 0.0078125 0.0125
5 0.841796875 0.4013888888888889 0.00546875 0.008333333333333333
1 0.7 0.37569444444444444 0.028125 0.07083333333333333
0 0.75 0.4125 0.028125 0.075
0 0.4984375 0.32013888888888886 0.028125 0.06527777777777778
6 0.646875 0.2125 0.0140625 0.05277777777777778
2 0.029296875 0.5597222222222222 0.03984375 0.10833333333333334
0 0.087109375 0.56875 0.03203125 0.11805555555555555
0 0.159765625 0.5895833333333333 0.02734375 0.11805555555555555
0 0.441796875 0.6458333333333334 0.04296875 0.11944444444444445
0 0.554296875 0.6375 0.03359375 0.13333333333333333
0 0.313671875 0.3486111111111111 0.02265625 0.08333333333333333
4 0.2078125 0.09722222222222222 0.2140625 0.044444444444444446