5 0.630859375 0.42569444444444443 0.00703125 0.009722222222222222
3 0.905859375 0.45694444444444443 0.00703125 0.013888888888888888
1 0.9609375 0.4270833333333333 0.0234375 0.08194444444444444
7 0.82265625 0.34930555555555554 0.1359375 0.11805555555555555
6 0.465234375 0.2659722222222222 0.01328125 0.04861111111111111
4 0.207421875 0.09861111111111111 0.21328125 0.044444444444444446
0 0.42265625 0.9701388888888889 0.0390625 0.059722222222222225
0 0.1328125 0.9534722222222223 0.0296875 0.09305555555555556
0 0.33984375 0.5506944444444445 0.0234375 0.09027777777777778
0 0.376171875 0.5409722222222222 0.02109375 0.10138888888888889
0 0.578125 0.43125 0.0203125 0.08194444444444444
0 0.598828125 0.4423611111111111 0.01953125 0.07361111111111111
0 0.762890625 0.55625 0.02421875 0.09305555555555556