3 0.77578125 0.7777777777777778 0.0109375 0.022222222222222223
5 0.592578125 0.3770833333333333 0.00546875 0.004166666666666667
1 0.796875 0.30694444444444446 0.028125 0.08611111111111111
7 0.854296875 0.26805555555555555 0.19140625 0.1638888888888889
0 0.852734375 0.7305555555555555 0.05234375 0.1527777777777778
0 0.79453125 0.5791666666666667 0.0296875 0.125
0 0.576953125 0.41805555555555557 0.02421875 0.08888888888888889
0 0.53359375 0.4354166666666667 0.0359375 0.09305555555555556
0 0.515625 0.38472222222222224 0.01875 0.08055555555555556
0 0.500390625 0.3923611111111111 0.03046875 0.0763888888888889
0 0.48125 0.3638888888888889 0.0296875 0.08055555555555556
0 0.48984375 0.33611111111111114 0.0203125 0.08333333333333333
0 0.4609375 0.34791666666666665 0.0421875 0.07916666666666666
0 0.4484375 0.3375 0.0265625 0.08333333333333333
0 0.3984375 0.3173611111111111 0.0328125 0.07083333333333333
0 0.384765625 0.29583333333333334 0.01328125 0.08333333333333333
0 0.36875 0.2986111111111111 0.03125 0.08333333333333333
0 0.298828125 0.2923611111111111 0.03203125 0.08194444444444444
2 0.255078125 0.33402777777777776 0.01328125 0.10138888888888889
0 0.208984375 0.34097222222222223 0.02109375 0.07361111111111111
0 0.19140625 0.3402777777777778 0.0328125 0.075
0 0.076953125 0.41041666666666665 0.03046875 0.10694444444444444
0 0.02421875 0.5375 0.0296875 0.12222222222222222
4 0.2078125 0.09583333333333334 0.2140625 0.044444444444444446
6 0.365234375 0.15902777777777777 0.02109375 0.059722222222222225