5 0.912109375 0.6104166666666667 0.01171875 0.015277777777777777
6 0.608984375 0.31319444444444444 0.01484375 0.08194444444444444
4 0.208984375 0.09791666666666667 0.21640625 0.04583333333333333
1 0.18125 0.46458333333333335 0.028125 0.10972222222222222
0 0.1109375 0.5256944444444445 0.034375 0.1125
0 0.147265625 0.44305555555555554 0.02421875 0.10277777777777777
0 0.105078125 0.40555555555555556 0.01953125 0.09444444444444444
0 0.048828125 0.4222222222222222 0.02421875 0.10277777777777777
0 0.3265625 0.3958333333333333 0.0375 0.09444444444444444
0 0.32421875 0.47152777777777777 0.0328125 0.10972222222222222
0 0.453515625 0.3416666666666667 0.02890625 0.08055555555555556
0 0.484375 0.35138888888888886 0.0265625 0.08055555555555556
0 0.723046875 0.5694444444444444 0.03203125 0.125
0 0.69609375 0.46875 0.028125 0.10416666666666667
0 0.65703125 0.5756944444444444 0.0296875 0.12083333333333333
0 0.55546875 0.4909722222222222 0.04375 0.09583333333333334
0 0.542578125 0.5145833333333333 0.03828125 0.11527777777777778