5 0.497265625 0.31527777777777777 0.00546875 0.013888888888888888
1 0.673828125 0.2833333333333333 0.01953125 0.06388888888888888
3 0.85390625 0.46805555555555556 0.0078125 0.013888888888888888
7 0.661328125 0.2465277777777778 0.11796875 0.10694444444444444
0 0.869140625 0.4576388888888889 0.02421875 0.09027777777777778
0 0.860546875 0.6722222222222223 0.02109375 0.10833333333333334
0 0.7796875 0.5854166666666667 0.028125 0.10972222222222222
0 0.382421875 0.6006944444444444 0.01953125 0.09583333333333334
0 0.389453125 0.6020833333333333 0.02265625 0.12083333333333333
0 0.4484375 0.3548611111111111 0.0125 0.06805555555555555
0 0.365234375 0.29930555555555555 0.01484375 0.06527777777777778
0 0.3703125 0.3541666666666667 0.0171875 0.06666666666666667
6 0.348828125 0.1798611111111111 0.01328125 0.043055555555555555
4 0.208203125 0.09722222222222222 0.21484375 0.04722222222222222
2 0.06484375 0.5104166666666666 0.015625 0.09861111111111111
0 0.005078125 0.45902777777777776 0.01015625 0.10416666666666667
0 0.120703125 0.8486111111111111 0.02578125 0.1388888888888889
0 0.19296875 0.8256944444444444 0.0359375 0.1375