3 0.34921875 0.3548611111111111 0.0140625 0.015277777777777777
5 0.469921875 0.5166666666666667 0.00859375 0.008333333333333333
7 0.13359375 0.38472222222222224 0.253125 0.20555555555555555
4 0.207421875 0.09722222222222222 0.21640625 0.04722222222222222
0 0.536328125 0.4097222222222222 0.06015625 0.03888888888888889
0 0.549609375 0.40347222222222223 0.04453125 0.03194444444444444
0 0.67109375 0.38125 0.028125 0.10694444444444444
0 0.601953125 0.43680555555555556 0.05234375 0.10138888888888889
0 0.44140625 0.47430555555555554 0.0328125 0.12083333333333333
0 0.422265625 0.46875 0.03046875 0.10972222222222222
0 0.317578125 0.6013888888888889 0.04296875 0.14166666666666666
6 0.76875 0.23194444444444445 0.0234375 0.07222222222222222
2 0.941015625 0.48333333333333334 0.03515625 0.125
0 0.946875 0.5263888888888889 0.0296875 0.13055555555555556
0 0.948828125 0.41597222222222224 0.03515625 0.12083333333333333
0 0.81328125 0.44583333333333336 0.0328125 0.13055555555555556
0 0.790625 0.5701388888888889 0.034375 0.14305555555555555
1 0.3515625 0.39791666666666664 0.0328125 0.0875