3 0.059765625 0.5291666666666667 0.01015625 0.016666666666666666
2 0.637890625 0.5097222222222222 0.04140625 0.13055555555555556
1 0.849609375 0.30972222222222223 0.01796875 0.08611111111111111
7 0.793359375 0.2798611111111111 0.17734375 0.14027777777777778
0 0.89765625 0.32916666666666666 0.0140625 0.08888888888888889
0 0.893359375 0.5597222222222222 0.02734375 0.11666666666666667
0 0.791796875 0.41597222222222224 0.02109375 0.10694444444444444
0 0.7078125 0.38055555555555554 0.015625 0.09166666666666666
0 0.5890625 0.38819444444444445 0.0171875 0.09027777777777778
0 0.454296875 0.44722222222222224 0.02421875 0.09166666666666666
0 0.390234375 0.5402777777777777 0.02421875 0.1111111111111111
0 0.2546875 0.4625 0.0359375 0.09166666666666666
0 0.121875 0.5298611111111111 0.0421875 0.11527777777777778
0 0.051953125 0.49583333333333335 0.01796875 0.10277777777777777
4 0.20859375 0.09722222222222222 0.215625 0.044444444444444446