3 0.4484375 0.5958333333333333 0.009375 0.019444444444444445
2 0.360546875 0.5840277777777778 0.02890625 0.11527777777777778
1 0.152734375 0.42916666666666664 0.02109375 0.09722222222222222
7 0.126171875 0.40069444444444446 0.20703125 0.1736111111111111
6 0.65078125 0.27708333333333335 0.0171875 0.059722222222222225
4 0.2078125 0.09861111111111111 0.215625 0.041666666666666664
0 0.98359375 0.6034722222222222 0.0328125 0.13194444444444445
0 0.643359375 0.4444444444444444 0.02578125 0.09444444444444444
0 0.538671875 0.6548611111111111 0.03046875 0.11527777777777778
0 0.530859375 0.5006944444444444 0.02109375 0.07083333333333333
0 0.446484375 0.5138888888888888 0.03828125 0.1111111111111111
0 0.39921875 0.5159722222222223 0.03125 0.09027777777777778
0 0.373046875 0.4895833333333333 0.03046875 0.09027777777777778
0 0.39921875 0.48125 0.028125 0.09305555555555556
0 0.418359375 0.44722222222222224 0.03203125 0.09722222222222222
0 0.40390625 0.4041666666666667 0.0296875 0.08888888888888889
0 0.35078125 0.44375 0.01875 0.09583333333333334
0 0.304296875 0.45 0.02265625 0.09166666666666666
0 0.298828125 0.47152777777777777 0.01953125 0.10138888888888889
0 0.275 0.45694444444444443 0.0234375 0.09444444444444444
0 0.26015625 0.4847222222222222 0.0171875 0.1
0 0.231640625 0.47152777777777777 0.01640625 0.10416666666666667
0 0.226953125 0.44513888888888886 0.01328125 0.07083333333333333
0 0.162890625 0.5305555555555556 0.02578125 0.1111111111111111