5 0.674609375 0.5291666666666667 0.01171875 0.008333333333333333
3 0.480859375 0.5194444444444445 0.00703125 0.013888888888888888
1 0.819921875 0.46597222222222223 0.02265625 0.08472222222222223
7 0.921875 0.4215277777777778 0.15625 0.15694444444444444
6 0.444921875 0.30277777777777776 0.01796875 0.06388888888888888
0 0.78828125 0.6131944444444445 0.025 0.10138888888888889
0 0.6609375 0.5701388888888889 0.021875 0.1125
0 0.458203125 0.5215277777777778 0.02265625 0.09305555555555556
0 0.462109375 0.5034722222222222 0.02578125 0.07083333333333333
0 0.439453125 0.4847222222222222 0.03046875 0.08333333333333333
0 0.4015625 0.5173611111111112 0.0484375 0.09583333333333334
0 0.1921875 0.5479166666666667 0.025 0.09861111111111111
0 0.3265625 0.43333333333333335 0.0125 0.075
0 0.319921875 0.4048611111111111 0.01953125 0.0763888888888889
0 0.317578125 0.37777777777777777 0.01796875 0.08055555555555556
0 0.204296875 0.44027777777777777 0.02265625 0.08888888888888889
0 0.16640625 0.4388888888888889 0.028125 0.08611111111111111
0 0.180859375 0.3819444444444444 0.01640625 0.07222222222222222
2 0.08984375 0.4576388888888889 0.0234375 0.09027777777777778
4 0.20859375 0.09722222222222222 0.2140625 0.044444444444444446