4 0.9390625 0.9159722222222222 0.05625 0.07083333333333333
4 0.181640625 0.11736111111111111 0.22578125 0.043055555555555555
4 0.040234375 0.11527777777777778 0.02578125 0.03888888888888889
5 0.250390625 0.3194444444444444 0.00859375 0.008333333333333333
6 0.36796875 0.17291666666666666 0.0125 0.034722222222222224
1 0.09609375 0.33055555555555555 0.01875 0.058333333333333334
7 0.116796875 0.26875 0.09609375 0.09861111111111111
0 0.06796875 0.7805555555555556 0.0296875 0.1
3 0.362109375 0.6715277777777777 0.00703125 0.015277777777777777
0 0.2453125 0.75 0.0328125 0.09722222222222222
0 0.373046875 0.6347222222222222 0.03671875 0.07777777777777778
0 0.469140625 0.6256944444444444 0.01953125 0.08194444444444444
0 0.140234375 0.6 0.01796875 0.075
0 0.147265625 0.5430555555555555 0.01171875 0.07222222222222222
0 0.449609375 0.5111111111111111 0.02578125 0.06388888888888888
0 0.391015625 0.4534722222222222 0.01640625 0.06527777777777778
0 0.341015625 0.3819444444444444 0.01015625 0.06111111111111111
0 0.41484375 0.31180555555555556 0.009375 0.05416666666666667
0 0.60703125 0.2590277777777778 0.0109375 0.04583333333333333
0 0.677734375 0.4201388888888889 0.01484375 0.0625
0 0.753515625 0.3402777777777778 0.01796875 0.06111111111111111
2 0.678515625 0.45 0.01640625 0.06944444444444445
0 0.9453125 0.6694444444444444 0.0171875 0.09444444444444444
0 0.93671875 0.9180555555555555 0.03125 0.12777777777777777
0 0.926953125 0.6548611111111111 0.02265625 0.10416666666666667
0 0.969921875 0.5388888888888889 0.01953125 0.09166666666666666
0 0.93125 0.3541666666666667 0.0140625 0.05555555555555555
0 0.929296875 0.27847222222222223 0.01328125 0.04861111111111111