4 0.937109375 0.9173611111111111 0.05859375 0.08472222222222223
4 0.183984375 0.11944444444444445 0.22109375 0.044444444444444446
4 0.040234375 0.11458333333333333 0.02578125 0.04027777777777778
6 0.6578125 0.18333333333333332 0.015625 0.03611111111111111
5 0.798046875 0.3368055555555556 0.00703125 0.009722222222222222
1 0.856640625 0.30625 0.01328125 0.05416666666666667
7 0.94375 0.2763888888888889 0.1125 0.11388888888888889
0 0.830859375 0.6013888888888889 0.03359375 0.08333333333333333
0 0.6609375 0.45208333333333334 0.0234375 0.08194444444444444
0 0.9734375 0.7541666666666667 0.0296875 0.11666666666666667
3 0.1890625 0.7083333333333334 0.0125 0.019444444444444445
0 0.42109375 0.7652777777777777 0.0359375 0.08888888888888889
0 0.38046875 0.6645833333333333 0.0328125 0.07916666666666666
0 0.39375 0.55 0.0328125 0.07222222222222222
0 0.413671875 0.4666666666666667 0.02109375 0.06666666666666667
0 0.41796875 0.42777777777777776 0.0125 0.06666666666666667
2 0.405078125 0.3875 0.02265625 0.058333333333333334
0 0.505078125 0.34652777777777777 0.01171875 0.06527777777777778
0 0.4875 0.3486111111111111 0.015625 0.06666666666666667
0 0.433984375 0.2833333333333333 0.01796875 0.05277777777777778
0 0.390234375 0.25763888888888886 0.01796875 0.04861111111111111
0 0.274609375 0.37569444444444444 0.02265625 0.059722222222222225
0 0.25234375 0.5534722222222223 0.0265625 0.07916666666666666
0 0.146875 0.5930555555555556 0.0296875 0.05555555555555555
0 0.0796875 0.4708333333333333 0.03125 0.058333333333333334
0 0.090234375 0.31875 0.01953125 0.05416666666666667
0 0.14140625 0.9222222222222223 0.053125 0.11388888888888889