4 0.9390625 0.9180555555555555 0.05625 0.08055555555555556
4 0.182421875 0.11666666666666667 0.22578125 0.04722222222222222
4 0.04140625 0.11666666666666667 0.021875 0.03333333333333333
5 0.36953125 0.38819444444444445 0.0078125 0.015277777777777777
3 0.25 0.38958333333333334 0.00625 0.009722222222222222
1 0.238671875 0.35208333333333336 0.01953125 0.05694444444444444
7 0.2015625 0.31180555555555556 0.1234375 0.1125
6 0.528125 0.2076388888888889 0.0171875 0.043055555555555555
0 0.0453125 0.5131944444444444 0.01875 0.08194444444444444
0 0.438671875 0.4263888888888889 0.01953125 0.06944444444444445
0 0.462109375 0.39166666666666666 0.01484375 0.07222222222222222
0 0.2 0.6520833333333333 0.021875 0.09027777777777778
0 0.1859375 0.8222222222222222 0.05625 0.05555555555555555
0 0.25625 0.7673611111111112 0.0375 0.10416666666666667
0 0.50859375 0.5833333333333334 0.0171875 0.1
0 0.535546875 0.5972222222222222 0.02578125 0.09166666666666666
0 0.61328125 0.7368055555555556 0.0296875 0.10138888888888889
0 0.631640625 0.8555555555555555 0.03671875 0.13333333333333333
2 0.819140625 0.5875 0.02265625 0.09166666666666666
0 0.859765625 0.6409722222222223 0.02890625 0.09583333333333334
0 0.932421875 0.43333333333333335 0.02421875 0.07777777777777778
0 0.73203125 0.3541666666666667 0.0171875 0.06388888888888888