4 0.936328125 0.9152777777777777 0.06328125 0.08333333333333333
4 0.1828125 0.11805555555555555 0.225 0.04722222222222222
4 0.042578125 0.11805555555555555 0.02578125 0.044444444444444446
5 0.56953125 0.3333333333333333 0.00625 0.008333333333333333
1 0.4515625 0.28541666666666665 0.0171875 0.059722222222222225
7 0.420703125 0.25625 0.11171875 0.10138888888888889
6 0.72578125 0.17083333333333334 0.0171875 0.044444444444444446
3 0.29921875 0.825 0.0109375 0.022222222222222223
0 0.1796875 0.7076388888888889 0.0234375 0.09861111111111111
0 0.21640625 0.6291666666666667 0.03125 0.08333333333333333
0 0.270703125 0.5819444444444445 0.02890625 0.07777777777777778
0 0.352734375 0.5666666666666667 0.02421875 0.08888888888888889
0 0.3171875 0.7791666666666667 0.0328125 0.1111111111111111
0 0.336328125 0.7868055555555555 0.03359375 0.09583333333333334
0 0.587890625 0.6180555555555556 0.01953125 0.08888888888888889
0 0.629296875 0.6027777777777777 0.02890625 0.09722222222222222
2 0.655859375 0.4465277777777778 0.01796875 0.0763888888888889
0 0.7078125 0.34375 0.0125 0.0625
0 0.76015625 0.39444444444444443 0.0140625 0.075
0 0.803125 0.4375 0.01875 0.08611111111111111
0 0.60078125 0.41944444444444445 0.0171875 0.08055555555555556
0 0.619921875 0.3902777777777778 0.01796875 0.07222222222222222
0 0.513671875 0.4527777777777778 0.01953125 0.07222222222222222
0 0.49609375 0.44027777777777777 0.021875 0.08055555555555556
0 0.46328125 0.45069444444444445 0.0171875 0.07361111111111111