4 0.938671875 0.9173611111111111 0.05390625 0.08194444444444444
4 0.182421875 0.11666666666666667 0.22421875 0.044444444444444446
4 0.04140625 0.11736111111111111 0.0265625 0.034722222222222224
3 0.371484375 0.8034722222222223 0.00859375 0.018055555555555554
2 0.6484375 0.4638888888888889 0.0234375 0.09722222222222222
5 0.616015625 0.35208333333333336 0.00703125 0.0125
1 0.442578125 0.28888888888888886 0.01796875 0.06666666666666667
7 0.4390625 0.2625 0.13125 0.125
6 0.803125 0.16041666666666668 0.0234375 0.04861111111111111
0 0.86875 0.4270833333333333 0.0265625 0.09027777777777778
0 0.733203125 0.35138888888888886 0.01953125 0.075
0 0.746875 0.4097222222222222 0.01875 0.08333333333333333
0 0.719921875 0.5930555555555556 0.03515625 0.10277777777777777
0 0.651953125 0.6020833333333333 0.03046875 0.10416666666666667
0 0.6078125 0.40555555555555556 0.021875 0.08888888888888889
0 0.591015625 0.4736111111111111 0.02890625 0.08888888888888889
0 0.49140625 0.4701388888888889 0.021875 0.08472222222222223
0 0.44375 0.46041666666666664 0.0265625 0.09583333333333334
0 0.409375 0.48541666666666666 0.03125 0.09027777777777778
0 0.337109375 0.5902777777777778 0.02734375 0.10555555555555556
0 0.2390625 0.6729166666666667 0.028125 0.05138888888888889
0 0.2234375 0.6694444444444444 0.028125 0.1
0 0.388671875 0.7479166666666667 0.03828125 0.13472222222222222
0 0.442578125 0.7666666666666667 0.02265625 0.11388888888888889
0 0.087109375 0.7222222222222222 0.03203125 0.12777777777777777