4 0.941015625 0.9145833333333333 0.05390625 0.08194444444444444
4 0.1828125 0.11666666666666667 0.2265625 0.044444444444444446
4 0.041796875 0.11388888888888889 0.02265625 0.03333333333333333
5 0.213671875 0.40069444444444446 0.00859375 0.009722222222222222
1 0.12109375 0.36527777777777776 0.015625 0.06944444444444445
7 0.046484375 0.33194444444444443 0.09296875 0.12222222222222222
6 0.375 0.21180555555555555 0.015625 0.04027777777777778
0 0.099609375 0.7631944444444444 0.04296875 0.10694444444444444
0 0.2890625 0.8951388888888889 0.028125 0.13194444444444445
0 0.5765625 0.925 0.0375 0.13333333333333333
0 0.4953125 0.8666666666666667 0.034375 0.13333333333333333
3 0.7546875 0.6173611111111111 0.0125 0.018055555555555554
0 0.681640625 0.6583333333333333 0.02734375 0.09722222222222222
0 0.665625 0.6166666666666667 0.015625 0.09166666666666666
0 0.644140625 0.6069444444444444 0.03046875 0.075
0 0.659375 0.5277777777777778 0.0296875 0.08888888888888889
2 0.554296875 0.5381944444444444 0.01953125 0.09027777777777778
0 0.500390625 0.5263888888888889 0.02109375 0.07777777777777778
0 0.552734375 0.4152777777777778 0.01640625 0.06666666666666667
0 0.428125 0.6854166666666667 0.0265625 0.10972222222222222
0 0.3953125 0.6354166666666666 0.0265625 0.09027777777777778
0 0.42109375 0.47430555555555554 0.0296875 0.07916666666666666
0 0.355078125 0.51875 0.02265625 0.08194444444444444
0 0.334375 0.5222222222222223 0.0203125 0.08055555555555556
0 0.91796875 0.4798611111111111 0.034375 0.06527777777777778
0 0.93125 0.4444444444444444 0.025 0.06944444444444445