4 0.93828125 0.91875 0.0609375 0.08472222222222223
4 0.182421875 0.11736111111111111 0.22421875 0.043055555555555555
4 0.042578125 0.11527777777777778 0.02421875 0.03333333333333333
6 0.8140625 0.2604166666666667 0.0265625 0.05694444444444444
0 0.9203125 0.7013888888888888 0.034375 0.13055555555555556
0 0.741015625 0.5520833333333334 0.03671875 0.09861111111111111
0 0.69921875 0.55 0.0515625 0.09444444444444444
0 0.650390625 0.49444444444444446 0.03203125 0.1111111111111111
0 0.728125 0.7756944444444445 0.0390625 0.15138888888888888
0 0.4859375 0.8819444444444444 0.0328125 0.15
2 0.4234375 0.5326388888888889 0.0328125 0.12083333333333333
0 0.5171875 0.41875 0.0265625 0.0763888888888889
0 0.40703125 0.36736111111111114 0.025 0.09583333333333334
0 0.4 0.49236111111111114 0.0296875 0.10138888888888889
0 0.382421875 0.45069444444444445 0.03984375 0.0875
0 0.202734375 0.5125 0.03828125 0.09722222222222222
0 0.164453125 0.4625 0.03203125 0.09722222222222222
0 0.05546875 0.5756944444444444 0.034375 0.11805555555555555
0 0.007421875 0.7166666666666667 0.01484375 0.11666666666666667
0 0.246875 0.6916666666666667 0.0421875 0.13055555555555556
0 0.424609375 0.6798611111111111 0.03515625 0.13472222222222222