4 0.937109375 0.91875 0.06015625 0.0875
4 0.182421875 0.11736111111111111 0.22421875 0.04583333333333333
4 0.042578125 0.11666666666666667 0.02265625 0.03611111111111111
5 0.095703125 0.3215277777777778 0.00546875 0.006944444444444444
1 0.042578125 0.30694444444444446 0.01015625 0.05277777777777778
6 0.215234375 0.1625 0.01171875 0.04722222222222222
2 0.375 0.42291666666666666 0.01875 0.06805555555555555
0 0.1234375 0.7534722222222222 0.0265625 0.09861111111111111
0 0.2 0.6645833333333333 0.0234375 0.09027777777777778
0 0.2015625 0.5409722222222222 0.0234375 0.07916666666666666
0 0.280859375 0.4125 0.01328125 0.05555555555555555
0 0.312109375 0.3923611111111111 0.01640625 0.07083333333333333
0 0.412890625 0.30069444444444443 0.01484375 0.05138888888888889
0 0.43671875 0.3104166666666667 0.0109375 0.05416666666666667
0 0.412109375 0.4722222222222222 0.01484375 0.07222222222222222
0 0.436328125 0.5729166666666666 0.02578125 0.0875
0 0.490625 0.5083333333333333 0.0203125 0.075
0 0.57578125 0.38472222222222224 0.0203125 0.06388888888888888
0 0.648046875 0.3104166666666667 0.01796875 0.0625
0 0.597265625 0.4326388888888889 0.01640625 0.07083333333333333
0 0.707421875 0.6 0.03984375 0.075
0 0.491796875 0.7722222222222223 0.02265625 0.10833333333333334
0 0.586328125 0.8826388888888889 0.04609375 0.12083333333333333
3 0.79921875 0.8055555555555556 0.0125 0.022222222222222223
0 0.898046875 0.8076388888888889 0.02890625 0.12361111111111112
0 0.873046875 0.48194444444444445 0.02421875 0.08333333333333333
0 0.751171875 0.28541666666666665 0.01328125 0.05694444444444444
0 0.16328125 0.90625 0.0265625 0.10694444444444444