5 0.5515625 0.5923611111111111 0.0140625 0.015277777777777777
1 0.73046875 0.45416666666666666 0.021875 0.07777777777777778
4 0.9328125 0.9145833333333333 0.0609375 0.09861111111111111
4 0.18203125 0.11666666666666667 0.2234375 0.03888888888888889
4 0.039453125 0.11597222222222223 0.02578125 0.04583333333333333
2 0.355859375 0.42916666666666664 0.00859375 0.013888888888888888
6 0.248046875 0.2881944444444444 0.02109375 0.07361111111111111
2 0.21171875 0.48125 0.028125 0.11527777777777778
7 0.85546875 0.44722222222222224 0.246875 0.18888888888888888
0 0.121875 0.37430555555555556 0.0234375 0.09305555555555556
0 0.09140625 0.49375 0.0328125 0.11527777777777778
0 0.22890625 0.4 0.01875 0.08888888888888889
0 0.23515625 0.43194444444444446 0.015625 0.09166666666666666
0 0.26328125 0.46458333333333335 0.015625 0.10138888888888889
0 0.305859375 0.3972222222222222 0.03671875 0.06666666666666667
0 0.294140625 0.3902777777777778 0.03828125 0.08611111111111111
0 0.39453125 0.44722222222222224 0.025 0.09166666666666666
0 0.3765625 0.5347222222222222 0.0171875 0.10833333333333334
0 0.340625 0.53125 0.0203125 0.10694444444444444
0 0.20859375 0.73125 0.0375 0.15416666666666667
0 0.134375 0.7833333333333333 0.0421875 0.14444444444444443
0 0.49375 0.5361111111111111 0.01875 0.1111111111111111
0 0.599609375 0.5131944444444444 0.02109375 0.11527777777777778
0 0.6296875 0.5479166666666667 0.0359375 0.09583333333333334
0 0.658203125 0.5381944444444444 0.02265625 0.1125