4 0.93984375 0.9131944444444444 0.059375 0.07916666666666666
4 0.18046875 0.11527777777777778 0.225 0.041666666666666664
4 0.04140625 0.11736111111111111 0.0234375 0.043055555555555555
6 0.071875 0.29583333333333334 0.0296875 0.06388888888888888
1 0.030859375 0.48055555555555557 0.02578125 0.10277777777777777
5 0.224609375 0.5881944444444445 0.00859375 0.0125
2 0.875390625 0.4215277777777778 0.02109375 0.07916666666666666
0 0.793359375 0.43472222222222223 0.02265625 0.09444444444444444
0 0.71484375 0.3076388888888889 0.0140625 0.0625
0 0.70625 0.34444444444444444 0.015625 0.06666666666666667
0 0.708984375 0.44027777777777777 0.01953125 0.09166666666666666
0 0.656640625 0.3625 0.01953125 0.075
3 0.4875 0.34444444444444444 0.00625 0.008333333333333333
0 0.53125 0.3236111111111111 0.015625 0.06388888888888888
0 0.520703125 0.3388888888888889 0.02265625 0.05277777777777778
0 0.50234375 0.3215277777777778 0.009375 0.0625
0 0.49375 0.3229166666666667 0.0171875 0.04583333333333333
0 0.456640625 0.3298611111111111 0.02734375 0.06527777777777778
0 0.476171875 0.3597222222222222 0.02109375 0.06388888888888888
0 0.40703125 0.4131944444444444 0.0234375 0.07361111111111111
0 0.38125 0.45902777777777776 0.0265625 0.07916666666666666
0 0.50078125 0.6993055555555555 0.0234375 0.12361111111111112