4 0.937109375 0.9138888888888889 0.05390625 0.075
4 0.1828125 0.11666666666666667 0.221875 0.041666666666666664
4 0.040234375 0.11944444444444445 0.02734375 0.03611111111111111
5 0.459765625 0.3645833333333333 0.00703125 0.006944444444444444
6 0.588671875 0.22708333333333333 0.01484375 0.04027777777777778
1 0.30234375 0.3576388888888889 0.0171875 0.04583333333333333
7 0.326171875 0.30416666666666664 0.10390625 0.09166666666666666
3 0.28828125 0.6048611111111111 0.0078125 0.0125
0 0.287890625 0.5680555555555555 0.02421875 0.08333333333333333
0 0.325 0.5479166666666667 0.0234375 0.0763888888888889
0 0.1953125 0.7631944444444444 0.0328125 0.10694444444444444
0 0.403515625 0.6625 0.02578125 0.08611111111111111
0 0.52578125 0.6631944444444444 0.01875 0.09305555555555556
0 0.60859375 0.5131944444444444 0.0140625 0.0625
0 0.61328125 0.4722222222222222 0.01875 0.06944444444444445
0 0.537890625 0.39375 0.01328125 0.05694444444444444
0 0.5953125 0.33055555555555555 0.0125 0.05555555555555555
0 0.808984375 0.3111111111111111 0.01328125 0.044444444444444446
2 0.846875 0.5319444444444444 0.021875 0.07777777777777778
0 0.856640625 0.4236111111111111 0.01484375 0.05555555555555555
0 0.80703125 0.6006944444444444 0.025 0.08472222222222223
0 0.991796875 0.4215277777777778 0.01640625 0.06805555555555555