4 0.9375 0.9111111111111111 0.0546875 0.07777777777777778
4 0.18359375 0.11805555555555555 0.2234375 0.044444444444444446
4 0.040234375 0.11736111111111111 0.02265625 0.0375
6 0.472265625 0.26180555555555557 0.01328125 0.059722222222222225
5 0.729296875 0.5333333333333333 0.01015625 0.011111111111111112
1 0.9015625 0.4215277777777778 0.0203125 0.07916666666666666
7 0.951171875 0.39375 0.09765625 0.14583333333333334
0 0.78984375 0.625 0.028125 0.11944444444444445
0 0.6546875 0.6708333333333333 0.0359375 0.12777777777777777
0 0.687109375 0.5166666666666667 0.02265625 0.10277777777777777
0 0.6984375 0.5006944444444444 0.025 0.09583333333333334
0 0.5484375 0.44583333333333336 0.040625 0.10555555555555556
0 0.521484375 0.5236111111111111 0.02265625 0.11666666666666667
0 0.45546875 0.5541666666666667 0.0265625 0.11666666666666667
0 0.49375 0.6541666666666667 0.0328125 0.1111111111111111
2 0.371484375 0.4826388888888889 0.02578125 0.09305555555555556
0 0.37109375 0.3798611111111111 0.025 0.07916666666666666
0 0.31015625 0.36041666666666666 0.0375 0.06805555555555555
0 0.2796875 0.38055555555555554 0.0328125 0.08055555555555556
3 0.2921875 0.4131944444444444 0.0078125 0.0125
0 0.3125 0.41875 0.025 0.07916666666666666
0 0.25859375 0.5423611111111111 0.0296875 0.10416666666666667
0 0.161328125 0.5291666666666667 0.03515625 0.10833333333333334
0 0.158203125 0.4409722222222222 0.03203125 0.08472222222222223
0 0.057421875 0.5194444444444445 0.02578125 0.10555555555555556
0 0.018359375 0.9520833333333333 0.03046875 0.09583333333333334
0 0.076953125 0.9611111111111111 0.03203125 0.07777777777777778