4 0.9375 0.9166666666666666 0.0515625 0.08055555555555556
4 0.1828125 0.11805555555555555 0.221875 0.041666666666666664
4 0.04140625 0.11597222222222223 0.0234375 0.0375
3 0.466796875 0.32013888888888886 0.00546875 0.0125
6 0.660546875 0.21805555555555556 0.03203125 0.05555555555555555
1 0.78359375 0.41944444444444445 0.0234375 0.09166666666666666
7 0.8828125 0.43333333333333335 0.1375 0.21666666666666667
2 0.236328125 0.3597222222222222 0.02890625 0.08055555555555556
0 0.471484375 0.4583333333333333 0.02265625 0.09444444444444444
6 0.526171875 0.49027777777777776 0.01015625 0.008333333333333333
0 0.44921875 0.46458333333333335 0.0390625 0.10416666666666667
0 0.391015625 0.49236111111111114 0.03515625 0.10416666666666667
0 0.428515625 0.3486111111111111 0.03203125 0.06944444444444445
0 0.4171875 0.32083333333333336 0.03125 0.05555555555555555
0 0.440625 0.27569444444444446 0.034375 0.059722222222222225
0 0.366796875 0.3159722222222222 0.01953125 0.07083333333333333
0 0.3375 0.32916666666666666 0.028125 0.08333333333333333
0 0.238671875 0.49930555555555556 0.03671875 0.10416666666666667
0 0.194140625 0.3506944444444444 0.02421875 0.0763888888888889
0 0.114453125 0.43125 0.02734375 0.09027777777777778
0 0.11484375 0.29305555555555557 0.025 0.07222222222222222