4 0.934765625 0.9194444444444444 0.05546875 0.09722222222222222
4 0.18125 0.11597222222222223 0.2234375 0.04583333333333333
4 0.04140625 0.11527777777777778 0.025 0.03888888888888889
3 0.393359375 0.6152777777777778 0.01796875 0.03611111111111111
0 0.7546875 0.075 0.0546875 0.15
0 0.680859375 0.3333333333333333 0.06328125 0.19166666666666668
0 0.58828125 0.4201388888888889 0.0734375 0.2013888888888889
0 0.50390625 0.3486111111111111 0.0640625 0.19166666666666668
0 0.383984375 0.4076388888888889 0.06484375 0.17083333333333334
0 0.3609375 0.5208333333333334 0.09375 0.21666666666666667
0 0.25625 0.33402777777777776 0.0671875 0.2125
0 0.14375 0.21388888888888888 0.0328125 0.15
0 0.27734375 0.04722222222222222 0.0390625 0.09444444444444444