4 0.939453125 0.91875 0.05546875 0.0763888888888889
4 0.18125 0.11736111111111111 0.2234375 0.043055555555555555
4 0.041015625 0.11944444444444445 0.02578125 0.041666666666666664
3 0.316015625 0.5354166666666667 0.01015625 0.018055555555555554
2 0.435546875 0.48055555555555557 0.02890625 0.08611111111111111
0 0.7625 0.5513888888888889 0.028125 0.08333333333333333
0 0.700390625 0.3090277777777778 0.02265625 0.05416666666666667
0 0.659375 0.3347222222222222 0.0203125 0.058333333333333334
0 0.676171875 0.48194444444444445 0.02109375 0.06111111111111111
0 0.659765625 0.7097222222222223 0.02265625 0.1111111111111111
0 0.5203125 0.3798611111111111 0.0171875 0.06527777777777778
0 0.49140625 0.4722222222222222 0.0203125 0.08611111111111111
0 0.408203125 0.6284722222222222 0.02109375 0.09861111111111111
0 0.37421875 0.7076388888888889 0.021875 0.09861111111111111
0 0.293359375 0.6125 0.03359375 0.07777777777777778
0 0.253125 0.48819444444444443 0.0265625 0.05694444444444444
0 0.3125 0.43472222222222223 0.0234375 0.08055555555555556
0 0.3671875 0.33819444444444446 0.0234375 0.059722222222222225
0 0.378125 0.24722222222222223 0.0171875 0.03888888888888889
0 0.16640625 0.75 0.040625 0.09722222222222222
0 0.121875 0.8409722222222222 0.0359375 0.09305555555555556
0 0.866015625 0.3861111111111111 0.01796875 0.075
0 0.920703125 0.5763888888888888 0.03671875 0.09444444444444444