4 0.938671875 0.9173611111111111 0.05390625 0.0763888888888889
4 0.180859375 0.11736111111111111 0.22578125 0.04583333333333333
4 0.040625 0.11805555555555555 0.028125 0.03333333333333333
6 0.13203125 0.26875 0.0296875 0.059722222222222225
3 0.514453125 0.3701388888888889 0.00703125 0.009722222222222222
0 0.498046875 0.3458333333333333 0.02578125 0.04722222222222222
0 0.234375 0.38819444444444445 0.0203125 0.06805555555555555
0 0.34453125 0.41041666666666665 0.0265625 0.06527777777777778
0 0.33203125 0.5243055555555556 0.028125 0.0875
0 0.485546875 0.5402777777777777 0.02421875 0.08055555555555556
0 0.393359375 0.8118055555555556 0.03828125 0.12916666666666668
0 0.3765625 0.8347222222222223 0.03125 0.11944444444444445
2 0.707421875 0.5881944444444445 0.02578125 0.09583333333333334
0 0.776953125 0.5854166666666667 0.01796875 0.08472222222222223
0 0.898828125 0.47291666666666665 0.03515625 0.0763888888888889
0 0.74765625 0.4736111111111111 0.0265625 0.08611111111111111