5 0.25390625 0.3388888888888889 0.0125 0.011111111111111112
1 0.459375 0.28194444444444444 0.0203125 0.07222222222222222
2 0.108984375 0.4708333333333333 0.01484375 0.11666666666666667
4 0.181640625 0.11666666666666667 0.22734375 0.05
4 0.041015625 0.11944444444444445 0.02578125 0.03888888888888889
6 0.0125 0.1076388888888889 0.0234375 0.07361111111111111
0 0.0140625 0.3798611111111111 0.028125 0.10694444444444444
0 0.09375 0.5166666666666667 0.0234375 0.12222222222222222
0 0.333984375 0.3423611111111111 0.02265625 0.0875
0 0.375390625 0.42083333333333334 0.03046875 0.075
0 0.47578125 0.37777777777777777 0.0265625 0.08333333333333333
3 0.6328125 0.36180555555555555 0.0109375 0.015277777777777777
0 0.67578125 0.4388888888888889 0.03125 0.09722222222222222
0 0.71640625 0.45208333333333334 0.025 0.09861111111111111
0 0.78046875 0.5111111111111111 0.03125 0.11944444444444445
0 0.667578125 0.7006944444444444 0.03671875 0.13194444444444445
0 0.596875 0.6583333333333333 0.0328125 0.11666666666666667
0 0.434375 0.69375 0.0390625 0.13472222222222222
0 0.565234375 0.49444444444444446 0.03046875 0.10555555555555556
0 0.5421875 0.47847222222222224 0.028125 0.09305555555555556
7 0.46640625 0.22152777777777777 0.1671875 0.14305555555555555
0 0.09296875 0.8388888888888889 0.04375 0.15
0 0.166015625 0.8791666666666667 0.03984375 0.1388888888888889
4 0.93828125 0.9125 0.053125 0.08611111111111111