4 0.937890625 0.9166666666666666 0.05234375 0.08055555555555556
4 0.182421875 0.11736111111111111 0.22578125 0.04583333333333333
4 0.040625 0.11805555555555555 0.0234375 0.03333333333333333
6 0.266015625 0.04375 0.01484375 0.04027777777777778
0 0.086328125 0.32430555555555557 0.02421875 0.08194444444444444
2 0.148046875 0.4111111111111111 0.02421875 0.08333333333333333
0 0.11484375 0.4930555555555556 0.0390625 0.1
0 0.2984375 0.6402777777777777 0.0265625 0.11666666666666667
0 0.48515625 0.7076388888888889 0.0390625 0.11805555555555555
0 0.645703125 0.6555555555555556 0.04921875 0.12222222222222222
3 0.9 0.4965277777777778 0.0109375 0.0125
0 0.896875 0.5541666666666667 0.0203125 0.125
0 0.8953125 0.4013888888888889 0.025 0.08611111111111111
0 0.77578125 0.3909722222222222 0.0296875 0.09027777777777778
0 0.59140625 0.31875 0.021875 0.08194444444444444
0 0.522265625 0.4847222222222222 0.01640625 0.10555555555555556
0 0.466015625 0.3541666666666667 0.01796875 0.08333333333333333
0 0.393359375 0.41041666666666665 0.03203125 0.09861111111111111
0 0.326953125 0.22361111111111112 0.01484375 0.06944444444444445
1 0.509765625 0.16597222222222222 0.01640625 0.059722222222222225
5 0.424609375 0.20625 0.00703125 0.009722222222222222
7 0.57734375 0.125 0.1171875 0.10277777777777777
0 0.1390625 0.9090277777777778 0.0515625 0.14583333333333334