5 0.53671875 0.3715277777777778 0.0078125 0.0125
3 0.589453125 0.5423611111111111 0.00859375 0.015277777777777777
6 0.3515625 0.16875 0.025 0.05694444444444444
4 0.182421875 0.11736111111111111 0.22578125 0.043055555555555555
4 0.041015625 0.11805555555555555 0.02421875 0.03611111111111111
4 0.9359375 0.9166666666666666 0.053125 0.08333333333333333
1 0.694921875 0.3277777777777778 0.02421875 0.06388888888888888
7 0.72421875 0.28125 0.14375 0.13472222222222222
0 0.903125 0.6541666666666667 0.028125 0.10277777777777777
0 0.781640625 0.5347222222222222 0.02578125 0.09722222222222222
0 0.691015625 0.5333333333333333 0.02734375 0.08888888888888889
0 0.637890625 0.4791666666666667 0.01953125 0.08055555555555556
0 0.58203125 0.5131944444444444 0.0359375 0.0763888888888889
0 0.555859375 0.4951388888888889 0.03359375 0.08194444444444444
0 0.5359375 0.5118055555555555 0.0375 0.08472222222222223
0 0.549609375 0.4041666666666667 0.02578125 0.08611111111111111
0 0.27578125 0.45416666666666666 0.021875 0.075
0 0.2421875 0.3736111111111111 0.03125 0.06944444444444445
2 0.15546875 0.4840277777777778 0.0234375 0.08472222222222223
0 0.17578125 0.5166666666666667 0.0234375 0.09444444444444444
0 0.196875 0.7722222222222223 0.028125 0.13055555555555556
0 0.441796875 0.9666666666666667 0.03984375 0.06666666666666667