5 0.8015625 0.5625 0.0140625 0.013888888888888888
2 0.866015625 0.6305555555555555 0.03046875 0.17777777777777778
6 0.58984375 0.14583333333333334 0.021875 0.06666666666666667
4 0.181640625 0.11666666666666667 0.22578125 0.044444444444444446
4 0.040625 0.11736111111111111 0.025 0.04027777777777778
1 0.296875 0.48125 0.0375 0.14583333333333334
4 0.936328125 0.9159722222222222 0.05703125 0.0763888888888889
0 0.75234375 0.4930555555555556 0.0390625 0.17222222222222222
0 0.66015625 0.42916666666666664 0.03125 0.1527777777777778
0 0.5984375 0.6819444444444445 0.040625 0.175
0 0.596875 0.4284722222222222 0.0421875 0.15416666666666667
0 0.55390625 0.4395833333333333 0.0421875 0.12638888888888888
0 0.56484375 0.4097222222222222 0.028125 0.11388888888888889
0 0.491015625 0.40902777777777777 0.04296875 0.12083333333333333
0 0.462109375 0.3993055555555556 0.02734375 0.12361111111111112
0 0.453125 0.43819444444444444 0.034375 0.13194444444444445
0 0.427734375 0.4722222222222222 0.02578125 0.1388888888888889
0 0.426171875 0.41944444444444445 0.02734375 0.12222222222222222
0 0.4109375 0.43819444444444444 0.0296875 0.12083333333333333
0 0.403125 0.42569444444444443 0.0375 0.11805555555555555
0 0.378515625 0.5041666666666667 0.03046875 0.12777777777777777
0 0.317578125 0.5340277777777778 0.04765625 0.1486111111111111
7 0.240234375 0.43194444444444446 0.21328125 0.33055555555555555