3 0.564453125 0.4847222222222222 0.01484375 0.025
4 0.9375 0.9131944444444444 0.0515625 0.07361111111111111
4 0.182421875 0.11805555555555555 0.22265625 0.05
4 0.040234375 0.11875 0.02734375 0.043055555555555555
2 0.8390625 0.3368055555555556 0.0265625 0.0763888888888889
0 0.95390625 0.3090277777777778 0.0265625 0.0763888888888889
0 0.917578125 0.26319444444444445 0.01484375 0.07083333333333333
0 0.851953125 0.2048611111111111 0.01796875 0.0625
0 0.798828125 0.2388888888888889 0.02578125 0.06666666666666667
0 0.712890625 0.2111111111111111 0.02578125 0.06111111111111111
0 0.611328125 0.30833333333333335 0.02421875 0.06666666666666667
0 0.598046875 0.3020833333333333 0.02734375 0.07361111111111111
0 0.562890625 0.3055555555555556 0.03359375 0.075
0 0.609765625 0.41875 0.02734375 0.09027777777777778
0 0.683203125 0.5159722222222223 0.03984375 0.09583333333333334
0 0.80546875 0.48194444444444445 0.05 0.09444444444444444
0 0.897265625 0.49444444444444446 0.03359375 0.09166666666666666
0 0.585546875 0.5319444444444444 0.02734375 0.10555555555555556