5 0.279296875 0.48680555555555555 0.01328125 0.0125
1 0.58828125 0.4173611111111111 0.03125 0.05416666666666667
4 0.1828125 0.11736111111111111 0.225 0.04861111111111111
4 0.040234375 0.11875 0.02734375 0.04027777777777778
4 0.9375 0.9166666666666666 0.05625 0.075
0 0.9578125 0.49166666666666664 0.0234375 0.12777777777777777
0 0.987109375 0.47152777777777777 0.02578125 0.10694444444444444
0 0.719921875 0.71875 0.04921875 0.14305555555555555
0 0.5078125 0.8319444444444445 0.0484375 0.1527777777777778
0 0.671875 0.6111111111111112 0.028125 0.14444444444444443
0 0.725 0.525 0.0296875 0.1111111111111111
0 0.65078125 0.47708333333333336 0.03125 0.1125
0 0.6125 0.41805555555555557 0.0296875 0.10833333333333334
0 0.530859375 0.43680555555555556 0.06640625 0.07083333333333333
0 0.51796875 0.5111111111111111 0.034375 0.13055555555555556
0 0.396484375 0.38333333333333336 0.02421875 0.11388888888888889
7 0.57734375 0.32916666666666666 0.228125 0.20833333333333334
0 0.09453125 0.4597222222222222 0.034375 0.12777777777777777
0 0.117578125 0.6902777777777778 0.04296875 0.15
0 0.30859375 0.37916666666666665 0.0328125 0.1