3 0.51640625 0.4041666666666667 0.0078125 0.011111111111111112
2 0.395703125 0.35347222222222224 0.01484375 0.07361111111111111
5 0.7796875 0.29305555555555557 0.009375 0.011111111111111112
1 0.894140625 0.2625 0.02109375 0.075
7 0.9484375 0.21458333333333332 0.103125 0.12361111111111112
6 0.6125 0.10833333333333334 0.0171875 0.03888888888888889
4 0.937890625 0.9152777777777777 0.04921875 0.075
4 0.18359375 0.11805555555555555 0.225 0.04722222222222222
4 0.040625 0.11875 0.0234375 0.0375
0 0.051171875 0.38125 0.03203125 0.09305555555555556
0 0.0875 0.5458333333333333 0.0375 0.08611111111111111
0 0.012890625 0.5659722222222222 0.02578125 0.11805555555555555
0 0.137890625 0.8472222222222222 0.06640625 0.13333333333333333
0 0.3390625 0.6166666666666667 0.03125 0.08611111111111111
0 0.353515625 0.5708333333333333 0.03046875 0.10833333333333334
0 0.42734375 0.44513888888888886 0.0328125 0.0875
0 0.35859375 0.34375 0.0234375 0.07916666666666666
0 0.396484375 0.2708333333333333 0.01640625 0.06388888888888888
0 0.619921875 0.4701388888888889 0.04296875 0.07916666666666666
0 0.669140625 0.3277777777777778 0.02734375 0.08888888888888889
0 0.71484375 0.3611111111111111 0.01875 0.08333333333333333
0 0.7625 0.4048611111111111 0.0359375 0.07916666666666666
0 0.792578125 0.36944444444444446 0.02421875 0.09166666666666666
0 0.80078125 0.4388888888888889 0.0265625 0.1
0 0.86015625 0.44305555555555554 0.0296875 0.1111111111111111
0 0.751171875 0.7305555555555555 0.04453125 0.10833333333333334
0 0.6359375 0.5451388888888888 0.0359375 0.10138888888888889
0 0.612109375 0.6215277777777778 0.04765625 0.10138888888888889