3 0.90859375 0.6006944444444444 0.0109375 0.018055555555555554
6 0.9609375 0.5180555555555556 0.0484375 0.09722222222222222
0 0.878515625 0.5743055555555555 0.06171875 0.10416666666666667
0 0.808203125 0.5451388888888888 0.03203125 0.12916666666666668
0 0.496875 0.5340277777777778 0.028125 0.12083333333333333
0 0.3359375 0.46319444444444446 0.025 0.1125
0 0.262890625 0.5402777777777777 0.03203125 0.125
4 0.040625 0.11805555555555555 0.0203125 0.03888888888888889
4 0.1828125 0.11527777777777778 0.2234375 0.03888888888888889
1 0.14453125 0.32430555555555557 0.0234375 0.08472222222222223
7 0.139453125 0.27569444444444446 0.19921875 0.15694444444444444
0 0.1359375 0.40208333333333335 0.0234375 0.11805555555555555
0 0.07109375 0.45555555555555555 0.025 0.11388888888888889
0 0.06171875 0.4826388888888889 0.0328125 0.12083333333333333
4 0.938671875 0.9138888888888889 0.05546875 0.075