4 0.93828125 0.9159722222222222 0.0609375 0.09027777777777778
4 0.182421875 0.11597222222222223 0.22578125 0.043055555555555555
4 0.04140625 0.11666666666666667 0.0265625 0.03611111111111111
6 0.348046875 0.29305555555555557 0.02265625 0.06388888888888888
5 0.113671875 0.4979166666666667 0.01015625 0.006944444444444444
3 0.606640625 0.37083333333333335 0.00703125 0.011111111111111112
0 0.622265625 0.3416666666666667 0.02109375 0.08055555555555556
0 0.673046875 0.3854166666666667 0.01953125 0.0763888888888889
0 0.684375 0.3888888888888889 0.025 0.08611111111111111
2 0.787890625 0.4597222222222222 0.02734375 0.09166666666666666
0 0.81796875 0.4083333333333333 0.025 0.07777777777777778
0 0.892578125 0.4375 0.02578125 0.10555555555555556
0 0.787109375 0.36527777777777776 0.02734375 0.07222222222222222
0 0.99375 0.40625 0.0125 0.09583333333333334
0 0.5609375 0.47847222222222224 0.028125 0.10416666666666667
0 0.491796875 0.40208333333333335 0.01796875 0.09027777777777778
0 0.459375 0.49583333333333335 0.03125 0.11944444444444445
0 0.325 0.4486111111111111 0.0296875 0.09444444444444444
0 0.2296875 0.4527777777777778 0.025 0.08611111111111111
0 0.2265625 0.41388888888888886 0.021875 0.08333333333333333
0 0.1875 0.4479166666666667 0.0203125 0.09861111111111111
0 0.172265625 0.5048611111111111 0.02421875 0.1125