4 0.18203125 0.11666666666666667 0.2234375 0.03888888888888889
4 0.04140625 0.11736111111111111 0.0234375 0.03194444444444444
3 0.220703125 0.3784722222222222 0.00703125 0.0125
0 0.226953125 0.33819444444444446 0.01953125 0.06527777777777778
0 0.051953125 0.38958333333333334 0.02421875 0.10416666666666667
0 0.06484375 0.5208333333333334 0.0265625 0.12777777777777777
0 0.34453125 0.37916666666666665 0.0203125 0.08611111111111111
0 0.390625 0.3659722222222222 0.0125 0.08472222222222223
0 0.409375 0.34444444444444444 0.01875 0.06944444444444445
2 0.423828125 0.41597222222222224 0.01796875 0.09861111111111111
0 0.446484375 0.2951388888888889 0.01796875 0.07083333333333333
0 0.531640625 0.30486111111111114 0.01484375 0.0763888888888889
0 0.528515625 0.3861111111111111 0.01796875 0.08888888888888889
0 0.560546875 0.3541666666666667 0.01484375 0.07222222222222222
0 0.566015625 0.34791666666666665 0.01953125 0.08194444444444444
0 0.52890625 0.5472222222222223 0.040625 0.11666666666666667
0 0.4734375 0.7722222222222223 0.028125 0.1638888888888889
0 0.672265625 0.4618055555555556 0.01640625 0.10694444444444444
0 0.72265625 0.48055555555555557 0.0203125 0.10833333333333334
0 0.78203125 0.4152777777777778 0.0171875 0.10833333333333334
0 0.808203125 0.42430555555555555 0.01953125 0.09583333333333334
0 0.93046875 0.4930555555555556 0.0203125 0.10833333333333334
0 0.71484375 0.36944444444444446 0.021875 0.09444444444444444
6 0.81640625 0.24861111111111112 0.0203125 0.05277777777777778
4 0.936328125 0.9173611111111111 0.05859375 0.08472222222222223