4 0.934375 0.9166666666666666 0.05625 0.08055555555555556
4 0.183203125 0.11666666666666667 0.22265625 0.044444444444444446
4 0.041796875 0.11458333333333333 0.02578125 0.0375
3 0.367578125 0.30277777777777776 0.00703125 0.011111111111111112
0 0.3953125 0.3263888888888889 0.015625 0.08333333333333333
0 0.306640625 0.2826388888888889 0.02421875 0.06805555555555555
6 0.558984375 0.24930555555555556 0.02734375 0.059722222222222225
5 0.778515625 0.4479166666666667 0.01015625 0.0125
1 0.844921875 0.37222222222222223 0.03203125 0.10555555555555556
7 0.9828125 0.33125 0.034375 0.14583333333333334
2 0.03671875 0.45902777777777776 0.0296875 0.10972222222222222
0 0.01484375 0.6819444444444445 0.0296875 0.13055555555555556
0 0.20703125 0.41597222222222224 0.03125 0.10138888888888889
0 0.058203125 0.36319444444444443 0.03359375 0.08472222222222223
0 0.702734375 0.6118055555555556 0.03203125 0.12916666666666668
0 0.60390625 0.65 0.021875 0.1388888888888889
0 0.66015625 0.5055555555555555 0.0359375 0.12222222222222222
0 0.54921875 0.43680555555555556 0.0203125 0.10972222222222222
0 0.476953125 0.5409722222222222 0.03828125 0.13472222222222222