4 0.9359375 0.9125 0.0515625 0.07777777777777778
4 0.040625 0.11805555555555555 0.0234375 0.03888888888888889
4 0.1828125 0.11805555555555555 0.2234375 0.05
3 0.6265625 0.6527777777777778 0.0140625 0.016666666666666666
1 0.472265625 0.375 0.02578125 0.08888888888888889
7 0.497265625 0.3375 0.18359375 0.16111111111111112
0 0.930859375 0.7104166666666667 0.04140625 0.15416666666666667
0 0.628125 0.5222222222222223 0.0546875 0.09444444444444444
0 0.55859375 0.5694444444444444 0.03125 0.13333333333333333
0 0.517578125 0.5465277777777777 0.03359375 0.1125
0 0.161328125 0.6798611111111111 0.03046875 0.14027777777777778
0 0.408203125 0.4527777777777778 0.04453125 0.11944444444444445
0 0.3296875 0.49444444444444446 0.025 0.10833333333333334
0 0.31796875 0.4847222222222222 0.0203125 0.10277777777777777
0 0.322265625 0.3875 0.02890625 0.09166666666666666
0 0.26328125 0.4027777777777778 0.015625 0.09444444444444444
5 0.229296875 0.4465277777777778 0.00859375 0.009722222222222222
0 0.182421875 0.38263888888888886 0.02421875 0.09861111111111111
0 0.11796875 0.35625 0.0125 0.09027777777777778
0 0.115625 0.4548611111111111 0.0328125 0.11527777777777778