3 0.89140625 0.7861111111111111 0.0125 0.022222222222222223
3 0.9109375 0.4166666666666667 0.0109375 0.013888888888888888
0 0.9109375 0.47708333333333336 0.0171875 0.10972222222222222
0 0.741015625 0.3326388888888889 0.02890625 0.09305555555555556
5 0.308984375 0.25625 0.00703125 0.006944444444444444
0 0.33515625 0.2861111111111111 0.01875 0.08888888888888889
0 0.24140625 0.3236111111111111 0.0234375 0.09444444444444444
1 0.48125 0.24027777777777778 0.015625 0.08055555555555556
7 0.49609375 0.18125 0.125 0.11805555555555555
4 0.1796875 0.11736111111111111 0.225 0.04027777777777778
4 0.04140625 0.11875 0.0234375 0.03194444444444444
0 0.642578125 0.5222222222222223 0.03203125 0.11388888888888889
0 0.61484375 0.4826388888888889 0.0234375 0.10694444444444444
0 0.590234375 0.40208333333333335 0.02890625 0.10694444444444444
0 0.554296875 0.41875 0.02734375 0.10694444444444444
0 0.54765625 0.5479166666666667 0.0234375 0.12916666666666668
0 0.3171875 0.68125 0.034375 0.15694444444444444
0 0.293359375 0.7152777777777778 0.03046875 0.1527777777777778
0 0.19765625 0.5611111111111111 0.0234375 0.13055555555555556
0 0.15 0.56875 0.03125 0.13472222222222222
0 0.127734375 0.42777777777777776 0.02890625 0.11388888888888889
2 0.033203125 0.47291666666666665 0.03203125 0.12083333333333333
0 0.16015625 0.2388888888888889 0.0234375 0.08611111111111111
0 0.005859375 0.6861111111111111 0.01171875 0.1638888888888889
4 0.937109375 0.9201388888888888 0.05546875 0.07916666666666666