4 0.9375 0.9173611111111111 0.05625 0.08194444444444444
4 0.181640625 0.11597222222222223 0.22734375 0.04583333333333333
4 0.041015625 0.11736111111111111 0.02578125 0.0375
6 0.396484375 0.13541666666666666 0.01171875 0.043055555555555555
5 0.54453125 0.2638888888888889 0.00625 0.005555555555555556
1 0.63515625 0.24166666666666667 0.015625 0.06944444444444445
7 0.712890625 0.2 0.11796875 0.10555555555555556
3 0.460546875 0.7194444444444444 0.01640625 0.025
0 0.85234375 0.5583333333333333 0.028125 0.11388888888888889
0 0.86953125 0.5944444444444444 0.028125 0.11388888888888889
0 0.5671875 0.6256944444444444 0.0359375 0.11527777777777778
0 0.569921875 0.5256944444444445 0.03359375 0.10694444444444444
0 0.6703125 0.41597222222222224 0.0265625 0.08472222222222223
0 0.676171875 0.4083333333333333 0.02734375 0.09722222222222222
0 0.541015625 0.45555555555555555 0.03828125 0.09722222222222222
0 0.394140625 0.6111111111111112 0.02890625 0.11388888888888889
0 0.5 0.6645833333333333 0.0453125 0.13194444444444445
0 0.369140625 0.5791666666666667 0.03203125 0.08333333333333333
0 0.28984375 0.6013888888888889 0.0453125 0.12222222222222222
0 0.3640625 0.44375 0.034375 0.09305555555555556
0 0.507421875 0.3111111111111111 0.01796875 0.08055555555555556
0 0.411328125 0.2965277777777778 0.01328125 0.07083333333333333
0 0.365234375 0.2625 0.01953125 0.07777777777777778
0 0.1421875 0.3506944444444444 0.0140625 0.09305555555555556
0 0.169140625 0.38263888888888886 0.02109375 0.08194444444444444
2 0.1421875 0.4409722222222222 0.025 0.10138888888888889