4 0.93828125 0.9173611111111111 0.0546875 0.07916666666666666
4 0.18203125 0.11805555555555555 0.225 0.044444444444444446
4 0.040234375 0.11527777777777778 0.02265625 0.03611111111111111
6 0.02578125 0.2604166666666667 0.0171875 0.06527777777777778
0 0.00546875 0.5159722222222223 0.0109375 0.10138888888888889
0 0.01484375 0.4125 0.0296875 0.11388888888888889
0 0.085546875 0.34305555555555556 0.02109375 0.08055555555555556
0 0.131640625 0.38472222222222224 0.02265625 0.09166666666666666
0 0.325390625 0.44583333333333336 0.02109375 0.10277777777777777
3 0.384765625 0.36180555555555555 0.00703125 0.009722222222222222
0 0.36484375 0.34444444444444444 0.0234375 0.07777777777777778
0 0.373046875 0.3138888888888889 0.01171875 0.07222222222222222
0 0.43671875 0.31666666666666665 0.0171875 0.07777777777777778
0 0.440234375 0.3541666666666667 0.01484375 0.07777777777777778
2 0.461328125 0.3645833333333333 0.01640625 0.07916666666666666
0 0.52109375 0.33125 0.0140625 0.06805555555555555
0 0.494921875 0.46597222222222223 0.03515625 0.10138888888888889
0 0.56015625 0.4548611111111111 0.0265625 0.10138888888888889
0 0.666015625 0.36944444444444446 0.02890625 0.08333333333333333