4 0.93828125 0.9104166666666667 0.0609375 0.0763888888888889
4 0.041796875 0.12083333333333333 0.02265625 0.044444444444444446
4 0.184765625 0.16944444444444445 0.22578125 0.15
6 0.84609375 0.24861111111111112 0.0328125 0.09166666666666666
2 0.88828125 0.5361111111111111 0.046875 0.1527777777777778
1 0.275 0.39375 0.0203125 0.10972222222222222
5 0.530078125 0.5166666666666667 0.00859375 0.013888888888888888
7 0.158203125 0.3645833333333333 0.25390625 0.22083333333333333
0 0.275390625 0.43333333333333335 0.02421875 0.11666666666666667
0 0.270703125 0.4534722222222222 0.04453125 0.07916666666666666
0 0.441796875 0.4083333333333333 0.04921875 0.12222222222222222
0 0.53046875 0.40555555555555556 0.0390625 0.10555555555555556
0 0.548046875 0.43194444444444446 0.02890625 0.09722222222222222
0 0.5609375 0.45208333333333334 0.034375 0.12361111111111112
0 0.5859375 0.4736111111111111 0.034375 0.11388888888888889
0 0.620703125 0.43819444444444444 0.02890625 0.12083333333333333
0 0.649609375 0.42916666666666664 0.02890625 0.11388888888888889
0 0.683984375 0.3902777777777778 0.02578125 0.11388888888888889
3 0.6375 0.10902777777777778 0.009375 0.018055555555555554
0 0.825390625 0.4222222222222222 0.03671875 0.13333333333333333
0 0.907421875 0.4625 0.04296875 0.1111111111111111
0 0.950390625 0.7798611111111111 0.03828125 0.19305555555555556
0 0.994140625 0.8041666666666667 0.01171875 0.11388888888888889