6 0.99140625 0.4791666666666667 0.0171875 0.05555555555555555
0 0.88671875 0.5145833333333333 0.034375 0.12083333333333333
3 0.678515625 0.5270833333333333 0.01015625 0.0125
0 0.701171875 0.4673611111111111 0.03046875 0.0875
0 0.640625 0.4736111111111111 0.0296875 0.11388888888888889
0 0.608984375 0.43819444444444444 0.03359375 0.10694444444444444
0 0.51953125 0.5375 0.0296875 0.125
0 0.457421875 0.6652777777777777 0.03828125 0.1638888888888889
4 0.18125 0.11666666666666667 0.2234375 0.044444444444444446
4 0.04140625 0.11666666666666667 0.0234375 0.03333333333333333
1 0.21640625 0.2625 0.01875 0.08333333333333333
7 0.240625 0.22777777777777777 0.1734375 0.1388888888888889
0 0.3421875 0.44166666666666665 0.0296875 0.10833333333333334
0 0.090625 0.5013888888888889 0.0328125 0.13055555555555556
0 0.098046875 0.3958333333333333 0.02890625 0.1111111111111111
0 0.24140625 0.325 0.0203125 0.10277777777777777
0 0.218359375 0.31666666666666665 0.03046875 0.09444444444444444
0 0.179296875 0.3 0.02421875 0.1
0 0.006640625 0.27152777777777776 0.01328125 0.09305555555555556