4 0.938671875 0.9159722222222222 0.06015625 0.07361111111111111
4 0.18125 0.11736111111111111 0.225 0.043055555555555555
4 0.039453125 0.11805555555555555 0.02734375 0.03888888888888889
6 0.3109375 0.03819444444444445 0.0171875 0.05138888888888889
3 0.205078125 0.6090277777777777 0.01484375 0.02361111111111111
0 0.15546875 0.7361111111111112 0.046875 0.175
0 0.015625 0.76875 0.03125 0.15416666666666667
0 0.59296875 0.6902777777777778 0.05 0.14444444444444443
0 0.507421875 0.6520833333333333 0.06640625 0.12916666666666668
2 0.305859375 0.4131944444444444 0.03359375 0.11805555555555555
0 0.62109375 0.5034722222222222 0.0265625 0.1375
0 0.756640625 0.3784722222222222 0.03671875 0.10416666666666667
0 0.698828125 0.31805555555555554 0.02578125 0.1
0 0.596484375 0.41180555555555554 0.02265625 0.10694444444444444
1 0.7046875 0.21458333333333332 0.025 0.08472222222222223
5 0.53046875 0.2513888888888889 0.0109375 0.011111111111111112
7 0.758203125 0.15138888888888888 0.17109375 0.14166666666666666
0 0.43359375 0.2375 0.0265625 0.09722222222222222
0 0.32109375 0.2152777777777778 0.0265625 0.09722222222222222
0 0.231640625 0.3 0.02421875 0.08888888888888889
0 0.1984375 0.2513888888888889 0.0328125 0.1