3 0.276171875 0.48541666666666666 0.01015625 0.018055555555555554
5 0.46640625 0.5527777777777778 0.0109375 0.011111111111111112
1 0.56015625 0.44583333333333336 0.046875 0.075
4 0.937890625 0.9173611111111111 0.05234375 0.08194444444444444
4 0.180859375 0.10208333333333333 0.22265625 0.07916666666666666
4 0.040234375 0.11875 0.02421875 0.04027777777777778
6 0.09296875 0.20347222222222222 0.0328125 0.10138888888888889
7 0.8515625 0.3861111111111111 0.296875 0.25555555555555554
0 0.0328125 0.4166666666666667 0.034375 0.11666666666666667
0 0.06875 0.3375 0.0453125 0.11666666666666667
0 0.0875 0.5875 0.059375 0.16666666666666666
0 0.2171875 0.34444444444444444 0.034375 0.1111111111111111
0 0.265234375 0.36041666666666666 0.02265625 0.14027777777777778
0 0.275 0.3861111111111111 0.03125 0.1361111111111111
0 0.3796875 0.4215277777777778 0.034375 0.13194444444444445
0 0.505078125 0.49583333333333335 0.03359375 0.12222222222222222
0 0.521875 0.4375 0.03125 0.1527777777777778
0 0.536328125 0.46111111111111114 0.02890625 0.13333333333333333
0 0.64296875 0.49722222222222223 0.040625 0.12222222222222222
0 0.64609375 0.5444444444444444 0.05 0.13333333333333333