5 0.330078125 0.4548611111111111 0.00703125 0.006944444444444444
3 0.351953125 0.40069444444444446 0.00390625 0.006944444444444444
1 0.346875 0.41041666666666665 0.0140625 0.06805555555555555
4 0.183203125 0.11666666666666667 0.22578125 0.04722222222222222
4 0.04140625 0.11597222222222223 0.025 0.0375
6 0.48203125 0.30416666666666664 0.009375 0.03611111111111111
4 0.937890625 0.9166666666666666 0.05546875 0.07777777777777778
2 0.75390625 0.4479166666666667 0.01875 0.06527777777777778
7 0.159375 0.3902777777777778 0.1296875 0.11666666666666667
0 0.16171875 0.5215277777777778 0.0234375 0.07916666666666666
0 0.25546875 0.6270833333333333 0.025 0.09861111111111111
0 0.3234375 0.5625 0.0265625 0.08888888888888889
0 0.48125 0.36666666666666664 0.009375 0.05555555555555555
0 0.494140625 0.34305555555555556 0.01171875 0.05
0 0.61171875 0.3951388888888889 0.0203125 0.06527777777777778
0 0.648046875 0.4027777777777778 0.01328125 0.058333333333333334
0 0.646875 0.4486111111111111 0.0234375 0.06666666666666667
0 0.616796875 0.5055555555555555 0.02265625 0.08333333333333333
0 0.657421875 0.5541666666666667 0.01796875 0.09166666666666666
0 0.67109375 0.33055555555555555 0.0125 0.044444444444444446
0 0.688671875 0.36180555555555555 0.01015625 0.04861111111111111
0 0.73984375 0.6701388888888888 0.0203125 0.09027777777777778
0 0.868359375 0.6798611111111111 0.03046875 0.09583333333333334
0 0.98203125 0.38958333333333334 0.01875 0.059722222222222225
0 0.921875 0.36875 0.01875 0.04861111111111111