5 0.85078125 0.4666666666666667 0.0078125 0.008333333333333333
3 0.382421875 0.07569444444444444 0.00859375 0.015277777777777777
1 0.628125 0.38819444444444445 0.0296875 0.07361111111111111
7 0.594921875 0.34097222222222223 0.18359375 0.1597222222222222
4 0.181640625 0.11666666666666667 0.22578125 0.05
4 0.041015625 0.11527777777777778 0.02421875 0.03611111111111111
4 0.9375 0.9180555555555555 0.053125 0.075
2 0.97265625 0.6166666666666667 0.0296875 0.14444444444444443
0 0.91640625 0.4076388888888889 0.0265625 0.09861111111111111
0 0.9515625 0.4270833333333333 0.046875 0.10972222222222222
0 0.80859375 0.8319444444444445 0.0359375 0.15555555555555556
0 0.95 0.9243055555555556 0.028125 0.14305555555555555
0 0.12265625 0.5138888888888888 0.03125 0.10277777777777777
0 0.701171875 0.4201388888888889 0.01953125 0.10138888888888889
0 0.725 0.4576388888888889 0.025 0.09861111111111111
0 0.67109375 0.475 0.0265625 0.10833333333333334
0 0.571875 0.5277777777777778 0.025 0.10277777777777777
0 0.487890625 0.5388888888888889 0.02109375 0.13055555555555556
3 0.04609375 0.4909722222222222 0.009375 0.015277777777777777