5 0.2984375 0.6590277777777778 0.009375 0.009722222222222222
2 0.396875 0.5131944444444444 0.0109375 0.018055555555555554
6 0.6359375 0.3333333333333333 0.028125 0.08611111111111111
4 0.040625 0.11597222222222223 0.025 0.04027777777777778
4 0.1828125 0.11736111111111111 0.2234375 0.04583333333333333
4 0.937109375 0.9145833333333333 0.05859375 0.08472222222222223
7 0.036328125 0.4756944444444444 0.07265625 0.19027777777777777
1 0.359375 0.4895833333333333 0.025 0.10138888888888889
0 0.515625 0.4548611111111111 0.028125 0.1125
0 0.369921875 0.5354166666666667 0.02421875 0.09305555555555556
0 0.294140625 0.7513888888888889 0.04140625 0.17777777777777778
0 0.337109375 0.7215277777777778 0.03046875 0.1597222222222222
0 0.63671875 0.5701388888888889 0.0203125 0.13472222222222222
0 0.819921875 0.8034722222222223 0.03515625 0.15416666666666667
0 0.848046875 0.7388888888888889 0.03515625 0.16111111111111112
0 0.871484375 0.6423611111111112 0.05546875 0.14583333333333334
0 0.941796875 0.47638888888888886 0.04140625 0.11666666666666667