3 0.54296875 0.4840277777777778 0.0125 0.02638888888888889
6 0.769140625 0.12916666666666668 0.02734375 0.06666666666666667
4 0.93671875 0.9180555555555555 0.053125 0.07777777777777778
4 0.04140625 0.11736111111111111 0.025 0.0375
4 0.1828125 0.11666666666666667 0.225 0.044444444444444446
0 0.19453125 0.27708333333333335 0.05 0.11527777777777778
0 0.2859375 0.4625 0.0375 0.15
0 0.370703125 0.46875 0.04296875 0.1486111111111111
0 0.4078125 0.5736111111111111 0.0515625 0.1388888888888889
0 0.6453125 0.6513888888888889 0.053125 0.15833333333333333
0 0.637890625 0.49722222222222223 0.03515625 0.1361111111111111
0 0.523828125 0.43194444444444446 0.03515625 0.1388888888888889
0 0.48359375 0.39166666666666666 0.0515625 0.125