5 0.844921875 0.4736111111111111 0.01484375 0.013888888888888888
4 0.9359375 0.9145833333333333 0.05625 0.0763888888888889
1 0.9859375 0.38958333333333334 0.028125 0.1125
4 0.04140625 0.11527777777777778 0.025 0.03333333333333333
4 0.18125 0.11527777777777778 0.225 0.05
3 0.316796875 0.3923611111111111 0.01015625 0.0125
6 0.566796875 0.19652777777777777 0.02265625 0.059722222222222225
0 0.144921875 0.4965277777777778 0.03203125 0.10972222222222222
0 0.206640625 0.3548611111111111 0.03671875 0.10138888888888889
0 0.2703125 0.3451388888888889 0.034375 0.08472222222222223
0 0.25859375 0.4152777777777778 0.0609375 0.10277777777777777
0 0.344921875 0.39375 0.02109375 0.11805555555555555
0 0.321875 0.5222222222222223 0.046875 0.14444444444444443
0 0.450390625 0.4708333333333333 0.03203125 0.11666666666666667
0 0.469140625 0.45416666666666666 0.02734375 0.1111111111111111
0 0.641796875 0.6 0.04140625 0.11944444444444445
0 0.6296875 0.63125 0.053125 0.14583333333333334