4 0.937890625 0.9180555555555555 0.05703125 0.075
4 0.041796875 0.11805555555555555 0.02734375 0.03333333333333333
4 0.1828125 0.11736111111111111 0.221875 0.04583333333333333
5 0.20546875 0.5180555555555556 0.0078125 0.005555555555555556
3 0.80078125 0.6277777777777778 0.009375 0.019444444444444445
0 0.771875 0.5916666666666667 0.04375 0.125
0 0.726171875 0.5819444444444445 0.03359375 0.11666666666666667
0 0.5625 0.4888888888888889 0.03125 0.10833333333333334
0 0.458203125 0.5743055555555555 0.02578125 0.12638888888888888
0 0.412109375 0.75625 0.03671875 0.15694444444444444
0 0.34609375 0.6305555555555555 0.0359375 0.14166666666666666
0 0.29921875 0.5027777777777778 0.0234375 0.12777777777777777
0 0.33359375 0.39861111111111114 0.0234375 0.1
1 0.404296875 0.4215277777777778 0.02109375 0.10694444444444444
0 0.446875 0.44375 0.021875 0.09583333333333334
0 0.476953125 0.42916666666666664 0.01953125 0.1
7 0.494140625 0.3819444444444444 0.20703125 0.18333333333333332
2 0.05546875 0.4222222222222222 0.021875 0.08611111111111111
0 0.129296875 0.41597222222222224 0.01796875 0.10416666666666667
0 0.119921875 0.32569444444444445 0.02734375 0.08472222222222223