4 0.938671875 0.9166666666666666 0.06015625 0.08333333333333333
4 0.040625 0.11736111111111111 0.0265625 0.04027777777777778
4 0.1828125 0.11805555555555555 0.2234375 0.04722222222222222
6 0.375 0.3138888888888889 0.0234375 0.08055555555555556
3 0.816796875 0.39652777777777776 0.01015625 0.015277777777777777
0 0.853125 0.3659722222222222 0.034375 0.10694444444444444
0 0.879296875 0.46458333333333335 0.02734375 0.12361111111111112
0 0.9296875 0.6819444444444445 0.0421875 0.1638888888888889
0 0.81796875 0.8875 0.0375 0.175
2 0.5734375 0.6298611111111111 0.040625 0.14027777777777778
0 0.6359375 0.4263888888888889 0.0484375 0.08611111111111111
0 0.64765625 0.40069444444444446 0.0375 0.09027777777777778
0 0.63203125 0.37916666666666665 0.025 0.08611111111111111
0 0.71875 0.3486111111111111 0.0265625 0.08611111111111111
0 0.78515625 0.3819444444444444 0.0265625 0.09722222222222222
0 0.76875 0.4444444444444444 0.0265625 0.11388888888888889
0 0.5171875 0.5111111111111111 0.0265625 0.12222222222222222
0 0.4953125 0.6791666666666667 0.0265625 0.13055555555555556
0 0.405859375 0.6583333333333333 0.03515625 0.12777777777777777
0 0.22265625 0.5458333333333333 0.025 0.125
0 0.217578125 0.49375 0.02890625 0.12083333333333333
0 0.151953125 0.5729166666666666 0.03671875 0.12638888888888888
0 0.08828125 0.6458333333333334 0.040625 0.14166666666666666
0 0.050390625 0.6395833333333333 0.04921875 0.15138888888888888