4 0.940625 0.9152777777777777 0.05 0.06666666666666667
0 0.913671875 0.9597222222222223 0.03671875 0.08055555555555556
4 0.041015625 0.11597222222222223 0.02265625 0.03194444444444444
4 0.182421875 0.11805555555555555 0.22421875 0.05
1 0.333984375 0.2388888888888889 0.01796875 0.075
5 0.424609375 0.2652777777777778 0.00859375 0.011111111111111112
7 0.254296875 0.1951388888888889 0.13359375 0.10694444444444444
6 0.583203125 0.11319444444444444 0.01484375 0.043055555555555555
0 0.210546875 0.7097222222222223 0.05234375 0.12222222222222222
0 0.253515625 0.6722222222222223 0.04296875 0.11944444444444445
0 0.400390625 0.4798611111111111 0.02734375 0.09305555555555556
0 0.575390625 0.48541666666666666 0.02890625 0.12638888888888888
0 0.45625 0.7597222222222222 0.0390625 0.1361111111111111
0 0.480859375 0.7583333333333333 0.05078125 0.15833333333333333
0 0.558984375 0.6236111111111111 0.03984375 0.12222222222222222
0 0.7234375 0.42777777777777776 0.03125 0.09444444444444444
2 0.835546875 0.4534722222222222 0.02734375 0.09861111111111111
0 0.817578125 0.6027777777777777 0.03828125 0.1361111111111111
0 0.76484375 0.8215277777777777 0.046875 0.13472222222222222
0 0.933203125 0.36041666666666666 0.02890625 0.0875
0 0.800390625 0.27708333333333335 0.02578125 0.06527777777777778
0 0.726953125 0.2965277777777778 0.01953125 0.07361111111111111