5 0.4984375 0.5 0.009375 0.008333333333333333
1 0.30390625 0.4395833333333333 0.01875 0.09027777777777778
3 0.2921875 0.4263888888888889 0.00625 0.011111111111111112
7 0.269921875 0.3993055555555556 0.17421875 0.15416666666666667
4 0.182421875 0.11736111111111111 0.22421875 0.04583333333333333
4 0.041796875 0.11597222222222223 0.01953125 0.03194444444444444
4 0.9390625 0.9152777777777777 0.053125 0.08055555555555556
6 0.7265625 0.2902777777777778 0.025 0.058333333333333334
0 0.90078125 0.6361111111111111 0.025 0.14722222222222223
0 0.798046875 0.7215277777777778 0.02734375 0.12361111111111112
0 0.68828125 0.7020833333333333 0.0328125 0.13472222222222222
0 0.66796875 0.6409722222222223 0.03125 0.12083333333333333
0 0.66640625 0.6020833333333333 0.028125 0.10416666666666667
0 0.946484375 0.4756944444444444 0.03515625 0.10138888888888889
0 0.987109375 0.47847222222222224 0.02578125 0.10416666666666667