5 0.295703125 0.5826388888888889 0.01171875 0.009722222222222222
3 0.382421875 0.46944444444444444 0.00703125 0.013888888888888888
1 0.374609375 0.4423611111111111 0.02890625 0.08194444444444444
6 0.58828125 0.2972222222222222 0.0296875 0.07777777777777778
7 0.051171875 0.4340277777777778 0.10234375 0.1736111111111111
4 0.182421875 0.11805555555555555 0.22578125 0.04722222222222222
4 0.040625 0.11805555555555555 0.025 0.03611111111111111
4 0.9359375 0.9131944444444444 0.0546875 0.07916666666666666
0 0.95390625 0.7194444444444444 0.03125 0.15555555555555556
0 0.959375 0.3875 0.0171875 0.08611111111111111
0 0.91875 0.34652777777777777 0.028125 0.09583333333333334
0 0.919921875 0.47430555555555554 0.03671875 0.11805555555555555
0 0.830859375 0.6388888888888888 0.03515625 0.15555555555555556
0 0.641015625 0.4125 0.03359375 0.09166666666666666
0 0.550390625 0.3611111111111111 0.02421875 0.09444444444444444
0 0.47578125 0.45902777777777776 0.0265625 0.12361111111111112
0 0.37265625 0.7069444444444445 0.0359375 0.15
0 0.275 0.73125 0.04375 0.1597222222222222
0 0.26328125 0.6159722222222223 0.0453125 0.13194444444444445