3 0.83828125 0.6520833333333333 0.00625 0.0125
2 0.281640625 0.6236111111111111 0.01640625 0.1111111111111111
6 0.2 0.25555555555555554 0.025 0.05
0 0.271484375 0.775 0.03515625 0.125
0 0.030859375 0.6909722222222222 0.02265625 0.10694444444444444
0 0.04375 0.6645833333333333 0.028125 0.09027777777777778
0 0.174609375 0.5611111111111111 0.02421875 0.09444444444444444
0 0.176953125 0.4888888888888889 0.02109375 0.09444444444444444
0 0.290625 0.4673611111111111 0.015625 0.0763888888888889
0 0.3125 0.45208333333333334 0.0171875 0.07916666666666666
0 0.415234375 0.6201388888888889 0.02109375 0.09861111111111111
0 0.41484375 0.5180555555555556 0.0203125 0.08611111111111111
0 0.44296875 0.5375 0.0171875 0.08055555555555556
0 0.438671875 0.4013888888888889 0.01640625 0.06388888888888888
0 0.4640625 0.4027777777777778 0.0171875 0.07222222222222222
0 0.56328125 0.43125 0.0171875 0.07916666666666666
0 0.5875 0.5083333333333333 0.0140625 0.08333333333333333
0 0.6875 0.43680555555555556 0.0171875 0.07361111111111111
0 0.5828125 0.3680555555555556 0.015625 0.07222222222222222
0 0.58046875 0.3111111111111111 0.0109375 0.05
0 0.862109375 0.6215277777777778 0.05234375 0.0875
0 0.91875 0.4131944444444444 0.021875 0.08194444444444444