5 0.73671875 0.40625 0.00625 0.009722222222222222
2 0.780078125 0.6659722222222222 0.02734375 0.1125
3 0.237109375 0.7236111111111111 0.01328125 0.019444444444444445
1 0.57578125 0.33958333333333335 0.01875 0.06527777777777778
6 0.9640625 0.20069444444444445 0.015625 0.04583333333333333
7 0.5515625 0.2965277777777778 0.1515625 0.12916666666666668
0 0.764453125 0.3819444444444444 0.02109375 0.07222222222222222
0 0.808203125 0.38958333333333334 0.01328125 0.0875
0 0.83359375 0.3611111111111111 0.0203125 0.06944444444444445
0 0.881640625 0.3659722222222222 0.01484375 0.08472222222222223
0 0.824609375 0.4527777777777778 0.01640625 0.07777777777777778
0 0.641796875 0.4861111111111111 0.02421875 0.08333333333333333
0 0.621875 0.43680555555555556 0.025 0.07361111111111111
0 0.587109375 0.5125 0.02109375 0.08611111111111111
0 0.588671875 0.6284722222222222 0.02734375 0.10138888888888889
0 0.540234375 0.6493055555555556 0.03359375 0.10138888888888889
0 0.53828125 0.5194444444444445 0.03125 0.08055555555555556
0 0.227734375 0.6854166666666667 0.02734375 0.11527777777777778
0 0.294140625 0.6305555555555555 0.03203125 0.09444444444444444
0 0.369921875 0.6284722222222222 0.02421875 0.09861111111111111
0 0.803515625 0.7131944444444445 0.04609375 0.11527777777777778