3 0.390234375 0.6645833333333333 0.00703125 0.0125
5 0.863671875 0.26458333333333334 0.00390625 0.004166666666666667
1 0.926171875 0.24583333333333332 0.01484375 0.05277777777777778
7 0.977734375 0.2076388888888889 0.04453125 0.07916666666666666
6 0.74140625 0.11527777777777778 0.009375 0.027777777777777776
2 0.52421875 0.28680555555555554 0.0171875 0.059722222222222225
0 0.85546875 0.5645833333333333 0.0203125 0.08472222222222223
0 0.733984375 0.48194444444444445 0.01953125 0.075
0 0.726171875 0.3861111111111111 0.01796875 0.07222222222222222
0 0.67421875 0.4847222222222222 0.025 0.07777777777777778
0 0.58828125 0.64375 0.0265625 0.09861111111111111
0 0.648828125 0.32569444444444445 0.01796875 0.05416666666666667
0 0.653125 0.3125 0.0140625 0.05277777777777778
0 0.52578125 0.32916666666666666 0.0171875 0.05555555555555555
0 0.540625 0.21388888888888888 0.0125 0.05
0 0.4421875 0.15625 0.0109375 0.043055555555555555
0 0.440234375 0.25069444444444444 0.01015625 0.04861111111111111
0 0.4359375 0.2638888888888889 0.0171875 0.05
0 0.43671875 0.44375 0.0234375 0.0763888888888889
0 0.397265625 0.38055555555555554 0.01796875 0.07222222222222222
0 0.369140625 0.6430555555555556 0.02109375 0.08611111111111111
0 0.2765625 0.31875 0.015625 0.06527777777777778
0 0.21328125 0.2013888888888889 0.0109375 0.03611111111111111
0 0.08359375 0.3326388888888889 0.0140625 0.05694444444444444
0 0.84609375 0.875 0.0203125 0.10833333333333334