6 0.7875 0.28958333333333336 0.01875 0.05138888888888889
3 0.230859375 0.39305555555555555 0.00859375 0.013888888888888888
2 0.395703125 0.43125 0.01171875 0.07083333333333333
0 0.21875 0.36944444444444446 0.0203125 0.041666666666666664
0 0.257421875 0.38680555555555557 0.02734375 0.05416666666666667
0 0.396875 0.32569444444444445 0.0171875 0.05694444444444444
0 0.475 0.35347222222222224 0.0125 0.05694444444444444
0 0.50703125 0.39652777777777776 0.0125 0.06805555555555555
0 0.514453125 0.38680555555555557 0.01015625 0.06805555555555555
0 0.6359375 0.4527777777777778 0.015625 0.06944444444444445
0 0.59453125 0.5680555555555555 0.0140625 0.08333333333333333
0 0.522265625 0.5486111111111112 0.01640625 0.08888888888888889
0 0.6140625 0.7069444444444445 0.015625 0.10277777777777777
0 0.74765625 0.49722222222222223 0.015625 0.07777777777777778
0 0.664453125 0.425 0.01953125 0.075
0 0.195703125 0.47430555555555554 0.01640625 0.08194444444444444
0 0.234375 0.51875 0.015625 0.08472222222222223
0 0.039453125 0.44375 0.03203125 0.0875