3 0.45859375 0.2652777777777778 0.00625 0.011111111111111112
5 0.458203125 0.3902777777777778 0.00703125 0.008333333333333333
1 0.64375 0.30972222222222223 0.0203125 0.06111111111111111
2 0.277734375 0.23125 0.01953125 0.05694444444444444
0 0.358203125 0.15763888888888888 0.01015625 0.05138888888888889
0 0.423828125 0.16875 0.01171875 0.04861111111111111
0 0.466796875 0.2111111111111111 0.01953125 0.05
6 0.528125 0.12777777777777777 0.0140625 0.05277777777777778
0 0.50859375 0.2465277777777778 0.0234375 0.05416666666666667
0 0.415234375 0.21388888888888888 0.01640625 0.058333333333333334
0 0.383203125 0.2375 0.01328125 0.058333333333333334
0 0.3734375 0.2152777777777778 0.0171875 0.06111111111111111
0 0.366015625 0.2972222222222222 0.01796875 0.058333333333333334
0 0.405078125 0.3104166666666667 0.03046875 0.0625
0 0.1453125 0.2659722222222222 0.0109375 0.07083333333333333
0 0.245703125 0.4152777777777778 0.01953125 0.08611111111111111
0 0.4203125 0.4979166666666667 0.0359375 0.09861111111111111
0 0.51484375 0.4048611111111111 0.0265625 0.07361111111111111
0 0.482421875 0.3638888888888889 0.02109375 0.06944444444444445
0 0.508984375 0.33819444444444446 0.02265625 0.07083333333333333
0 0.053515625 0.2659722222222222 0.02109375 0.0763888888888889
0 0.004296875 0.20694444444444443 0.00859375 0.07222222222222222
7 0.7234375 0.3173611111111111 0.103125 0.1763888888888889