5 0.208203125 0.39444444444444443 0.00859375 0.011111111111111112
7 0.0453125 0.2986111111111111 0.090625 0.11388888888888889
6 0.38515625 0.20069444444444445 0.0140625 0.04027777777777778
0 0.11640625 0.6069444444444444 0.0234375 0.09722222222222222
0 0.139453125 0.5597222222222222 0.03203125 0.08333333333333333
0 0.279296875 0.45208333333333334 0.02421875 0.0763888888888889
0 0.30390625 0.43472222222222223 0.03125 0.075
0 0.601953125 0.3548611111111111 0.02109375 0.07083333333333333
0 0.6265625 0.37430555555555556 0.028125 0.059722222222222225
0 0.769140625 0.4638888888888889 0.02734375 0.06666666666666667
0 0.757421875 0.5111111111111111 0.02578125 0.08611111111111111
2 0.683203125 0.5972222222222222 0.02890625 0.08333333333333333
0 0.511328125 0.8590277777777777 0.03984375 0.1125
0 0.52421875 0.8263888888888888 0.0296875 0.12777777777777777