1 0.70703125 0.3701388888888889 0.0515625 0.12638888888888888
7 0.80859375 0.4125 0.325 0.2861111111111111
0 0.919140625 0.5715277777777777 0.04609375 0.14305555555555555
0 0.696875 0.6201388888888889 0.0390625 0.12916666666666668
0 0.634765625 0.5611111111111111 0.03046875 0.15555555555555556
0 0.645703125 0.48055555555555557 0.03046875 0.15
0 0.6390625 0.95 0.053125 0.1
0 0.209765625 0.9652777777777778 0.05078125 0.06944444444444445
0 0.29765625 0.7861111111111111 0.0390625 0.15
0 0.20390625 0.5083333333333333 0.0609375 0.14722222222222223
0 0.253515625 0.56875 0.03671875 0.12361111111111112
0 0.38359375 0.5972222222222222 0.040625 0.1388888888888889
0 0.431640625 0.5201388888888889 0.03671875 0.15138888888888888
0 0.353125 0.5576388888888889 0.04375 0.16527777777777777
0 0.369140625 0.4479166666666667 0.03671875 0.15416666666666667
0 0.297265625 0.4215277777777778 0.04921875 0.12083333333333333
0 0.263671875 0.3229166666666667 0.03203125 0.12083333333333333