3 0.465234375 0.85625 0.01328125 0.020833333333333332
2 0.026171875 0.4013888888888889 0.02421875 0.125
1 0.71015625 0.26319444444444445 0.025 0.10416666666666667
6 0.20234375 0.09097222222222222 0.0296875 0.06527777777777778
5 0.49296875 0.3798611111111111 0.0109375 0.018055555555555554
7 0.766015625 0.2326388888888889 0.20859375 0.17916666666666667
0 0.59453125 0.8722222222222222 0.034375 0.16944444444444445
0 0.5890625 0.5833333333333334 0.0296875 0.13333333333333333
0 0.617578125 0.5861111111111111 0.02890625 0.125
0 0.45 0.8034722222222223 0.0453125 0.1763888888888889
0 0.449609375 0.43472222222222223 0.02734375 0.10555555555555556
0 0.369140625 0.37777777777777777 0.02578125 0.1111111111111111
0 0.34765625 0.41944444444444445 0.0234375 0.1
0 0.325390625 0.35694444444444445 0.02265625 0.10833333333333334
0 0.28515625 0.3763888888888889 0.028125 0.09722222222222222
0 0.122265625 0.49722222222222223 0.01953125 0.11666666666666667
0 0.1078125 0.39375 0.025 0.11527777777777778
0 0.203515625 0.3472222222222222 0.02265625 0.1111111111111111
0 0.246484375 0.40208333333333335 0.01953125 0.12083333333333333
0 0.234375 0.33194444444444443 0.0125 0.1
0 0.258984375 0.325 0.02421875 0.09444444444444444
0 0.25234375 0.3625 0.0140625 0.09166666666666666
0 0.275 0.3486111111111111 0.0234375 0.08611111111111111
0 0.28984375 0.3423611111111111 0.0171875 0.09027777777777778