5 0.191015625 0.5951388888888889 0.01640625 0.009722222222222222
3 0.648046875 0.42916666666666664 0.00859375 0.019444444444444445
0 0.588671875 0.4513888888888889 0.03359375 0.1361111111111111
0 0.5390625 0.4270833333333333 0.040625 0.12638888888888888
1 0.48046875 0.4666666666666667 0.0578125 0.05555555555555555
0 0.423046875 0.4798611111111111 0.07734375 0.034722222222222224
0 0.27109375 0.6069444444444444 0.0625 0.1527777777777778
0 0.18125 0.4326388888888889 0.0265625 0.11527777777777778
0 0.246875 0.45694444444444443 0.0375 0.14444444444444443
0 0.273046875 0.42083333333333334 0.02734375 0.14166666666666666
0 0.25078125 0.33819444444444446 0.0296875 0.09583333333333334
0 0.20703125 0.3638888888888889 0.028125 0.13055555555555556
0 0.214453125 0.3111111111111111 0.04140625 0.10277777777777777
7 0.583984375 0.36527777777777776 0.29453125 0.2611111111111111