3 0.3265625 0.5194444444444445 0.009375 0.011111111111111112
2 0.70859375 0.7013888888888888 0.0265625 0.13055555555555556
1 0.6234375 0.42291666666666666 0.021875 0.08472222222222223
5 0.884765625 0.5027777777777778 0.00546875 0.008333333333333333
0 0.259375 0.5041666666666667 0.0328125 0.07777777777777778
0 0.33203125 0.61875 0.028125 0.09861111111111111
0 0.41796875 0.6993055555555555 0.0484375 0.12638888888888888
0 0.25625 0.8222222222222222 0.0359375 0.14166666666666666
0 0.4375 0.5041666666666667 0.0265625 0.09166666666666666
0 0.5484375 0.5763888888888888 0.0234375 0.09444444444444444
0 0.62734375 0.5604166666666667 0.0171875 0.09861111111111111
0 0.66953125 0.45555555555555555 0.0296875 0.09166666666666666
7 0.654296875 0.3625 0.17421875 0.14722222222222223
0 0.900390625 0.8388888888888889 0.03046875 0.14166666666666666
0 0.802734375 0.575 0.02421875 0.09444444444444444
0 0.9828125 0.43680555555555556 0.0171875 0.09027777777777778
0 0.894140625 0.41597222222222224 0.02109375 0.0875
0 0.8453125 0.43472222222222223 0.0234375 0.09166666666666666
0 0.810546875 0.43125 0.03046875 0.08194444444444444
0 0.8109375 0.4986111111111111 0.0296875 0.08888888888888889