3 0.209765625 0.7152777777777778 0.01171875 0.013888888888888888
2 0.67734375 0.35694444444444445 0.0265625 0.07222222222222222
6 0.13828125 0.08402777777777778 0.0140625 0.043055555555555555
1 0.066796875 0.3729166666666667 0.01953125 0.08194444444444444
0 0.308203125 0.20347222222222222 0.01328125 0.06805555555555555
0 0.3921875 0.25833333333333336 0.0171875 0.08055555555555556
0 0.40390625 0.3597222222222222 0.0140625 0.08055555555555556
0 0.27421875 0.38958333333333334 0.01875 0.0763888888888889
0 0.434375 0.6597222222222222 0.0359375 0.09166666666666666
0 0.6296875 0.4888888888888889 0.021875 0.09166666666666666
0 0.805859375 0.7979166666666667 0.03828125 0.12916666666666668
0 0.86328125 0.6965277777777777 0.0234375 0.10416666666666667
0 0.880859375 0.7166666666666667 0.02578125 0.09444444444444444
0 0.992578125 0.5111111111111111 0.01484375 0.09444444444444444
0 0.986328125 0.43680555555555556 0.02734375 0.08472222222222223
0 0.95625 0.275 0.0203125 0.07222222222222222
0 0.967578125 0.2722222222222222 0.02265625 0.05555555555555555
0 0.74140625 0.32013888888888886 0.01875 0.05416666666666667
0 0.748828125 0.2569444444444444 0.02109375 0.06388888888888888
0 0.658203125 0.20416666666666666 0.01640625 0.05277777777777778
0 0.583203125 0.1486111111111111 0.01640625 0.04722222222222222