3 0.7640625 0.8208333333333333 0.0078125 0.011111111111111112
5 0.683984375 0.2326388888888889 0.00546875 0.004166666666666667
1 0.747265625 0.2111111111111111 0.01015625 0.05
7 0.809765625 0.18055555555555555 0.09765625 0.08888888888888889
6 0.561328125 0.09652777777777778 0.01015625 0.02361111111111111
2 0.3296875 0.3111111111111111 0.025 0.06111111111111111
0 0.298046875 0.5597222222222222 0.03203125 0.09444444444444444
0 0.59453125 0.6513888888888889 0.0328125 0.08333333333333333
0 0.72890625 0.5395833333333333 0.021875 0.09861111111111111
0 0.77265625 0.7847222222222222 0.021875 0.11944444444444445
0 0.58828125 0.3736111111111111 0.0171875 0.07222222222222222
0 0.521484375 0.4361111111111111 0.01953125 0.058333333333333334
0 0.533984375 0.42430555555555555 0.01796875 0.05138888888888889
0 0.487890625 0.30416666666666664 0.01484375 0.06388888888888888
0 0.461328125 0.31319444444444444 0.01484375 0.0625
0 0.3578125 0.3715277777777778 0.021875 0.06805555555555555
0 0.3640625 0.22708333333333333 0.009375 0.05416666666666667
0 0.2703125 0.16180555555555556 0.009375 0.04027777777777778
0 0.25 0.25 0.0171875 0.04722222222222222
0 0.226953125 0.2638888888888889 0.01640625 0.05
0 0.227734375 0.44513888888888886 0.01484375 0.059722222222222225
0 0.1484375 0.6645833333333333 0.028125 0.09027777777777778
0 0.31328125 0.9034722222222222 0.0328125 0.10138888888888889
0 0.020703125 0.4340277777777778 0.02578125 0.07083333333333333