3 0.425390625 0.46458333333333335 0.00859375 0.015277777777777777
5 0.251953125 0.3236111111111111 0.00703125 0.008333333333333333
1 0.169921875 0.33402777777777776 0.02109375 0.0625
7 0.077734375 0.2513888888888889 0.12734375 0.11944444444444445
6 0.41328125 0.14722222222222223 0.015625 0.044444444444444446
0 0.2546875 0.4270833333333333 0.021875 0.07083333333333333
0 0.375390625 0.3090277777777778 0.02578125 0.0625
0 0.42578125 0.32083333333333336 0.025 0.06388888888888888
0 0.408984375 0.4340277777777778 0.01796875 0.08194444444444444
0 0.31875 0.5965277777777778 0.028125 0.09027777777777778
0 0.391796875 0.6708333333333333 0.04140625 0.08888888888888889
0 0.467578125 0.6194444444444445 0.03515625 0.08611111111111111
0 0.481640625 0.7159722222222222 0.03046875 0.09583333333333334
2 0.584375 0.50625 0.0359375 0.08472222222222223
0 0.57734375 0.3659722222222222 0.0140625 0.05138888888888889
0 0.67578125 0.3548611111111111 0.025 0.06527777777777778
0 0.70546875 0.3284722222222222 0.021875 0.0625
0 0.701953125 0.28055555555555556 0.01640625 0.06666666666666667
0 0.8453125 0.4722222222222222 0.0171875 0.09166666666666666
0 0.6390625 0.9326388888888889 0.0625 0.12361111111111112
0 0.025 0.9138888888888889 0.0421875 0.16111111111111112