5 0.978125 0.42291666666666666 0.00625 0.009722222222222222
2 0.4203125 0.3819444444444444 0.0125 0.07777777777777778
3 0.38046875 0.34097222222222223 0.0078125 0.009722222222222222
0 0.17109375 0.3798611111111111 0.0171875 0.06527777777777778
0 0.196875 0.33055555555555555 0.015625 0.06111111111111111
0 0.25078125 0.3701388888888889 0.0203125 0.06805555555555555
0 0.33203125 0.5888888888888889 0.0265625 0.13333333333333333
0 0.407421875 0.44513888888888886 0.02109375 0.10138888888888889
0 0.487890625 0.41388888888888886 0.01953125 0.07777777777777778
0 0.537109375 0.3625 0.01484375 0.06666666666666667
0 0.503125 0.34444444444444444 0.015625 0.06111111111111111
0 0.512109375 0.33611111111111114 0.01796875 0.06111111111111111
0 0.420703125 0.32569444444444445 0.02109375 0.04583333333333333
0 0.37890625 0.31527777777777777 0.0171875 0.05277777777777778
4 0.20859375 0.09722222222222222 0.2171875 0.04722222222222222
0 0.88828125 0.5472222222222223 0.0203125 0.12222222222222222
0 0.924609375 0.4270833333333333 0.02421875 0.10694444444444444
0 0.96875 0.41805555555555557 0.01875 0.09722222222222222
0 0.794140625 0.3909722222222222 0.01953125 0.09027777777777778
0 0.821875 0.3840277777777778 0.01875 0.0875
0 0.72109375 0.3541666666666667 0.0171875 0.07222222222222222
6 0.750390625 0.27361111111111114 0.01640625 0.05277777777777778