2 0.31875 0.4965277777777778 0.015625 0.06527777777777778
4 0.2078125 0.09652777777777778 0.21875 0.04027777777777778
0 0.6640625 0.49166666666666664 0.015625 0.06666666666666667
0 0.6265625 0.4625 0.015625 0.06388888888888888
0 0.62421875 0.4395833333333333 0.015625 0.05694444444444444
0 0.602734375 0.44722222222222224 0.01953125 0.058333333333333334
0 0.607421875 0.49722222222222223 0.01484375 0.07222222222222222
0 0.5078125 0.44166666666666665 0.01875 0.05555555555555555
0 0.428125 0.46875 0.0171875 0.05694444444444444
0 0.3890625 0.5048611111111111 0.01875 0.06527777777777778
0 0.365625 0.4666666666666667 0.0140625 0.06111111111111111
0 0.365625 0.45 0.015625 0.06111111111111111
0 0.38203125 0.425 0.0140625 0.03888888888888889
0 0.40078125 0.4270833333333333 0.015625 0.043055555555555555
0 0.358984375 0.4125 0.01484375 0.04722222222222222
0 0.312890625 0.4236111111111111 0.01484375 0.04722222222222222
0 0.276171875 0.4395833333333333 0.01171875 0.04861111111111111
0 0.262890625 0.44305555555555554 0.01953125 0.04722222222222222
0 0.25859375 0.45902777777777776 0.0171875 0.04861111111111111
0 0.24140625 0.45902777777777776 0.0171875 0.05138888888888889
0 0.21484375 0.46944444444444444 0.0234375 0.05
0 0.192578125 0.5090277777777777 0.02578125 0.0625