5 0.56328125 0.3125 0.009375 0.013888888888888888
6 0.716796875 0.20972222222222223 0.00703125 0.041666666666666664
1 0.4421875 0.28888888888888886 0.0125 0.05
2 0.78671875 0.42986111111111114 0.0203125 0.09861111111111111
7 0.4109375 0.2569444444444444 0.109375 0.09444444444444444
3 0.5265625 0.4652777777777778 0.009375 0.016666666666666666
0 0.960546875 0.5555555555555556 0.03671875 0.10277777777777777
0 0.82265625 0.5541666666666667 0.03125 0.125
0 0.562890625 0.5083333333333333 0.04453125 0.08888888888888889
0 0.54453125 0.40902777777777777 0.028125 0.0625
0 0.60078125 0.32916666666666666 0.0234375 0.06666666666666667
0 0.6890625 0.29097222222222224 0.0140625 0.0625
0 0.71328125 0.31180555555555556 0.0140625 0.0625
0 0.48828125 0.42777777777777776 0.01875 0.07777777777777778
0 0.459375 0.4597222222222222 0.021875 0.09722222222222222
0 0.363671875 0.3888888888888889 0.02578125 0.09166666666666666
0 0.303125 0.41805555555555557 0.025 0.06944444444444445
0 0.2734375 0.39652777777777776 0.0171875 0.08194444444444444
0 0.212890625 0.4673611111111111 0.03046875 0.08194444444444444
0 0.26171875 0.4826388888888889 0.0328125 0.08472222222222223
0 0.27578125 0.5326388888888889 0.0328125 0.09583333333333334
4 0.20703125 0.09861111111111111 0.2171875 0.04722222222222222