5 0.668359375 0.4048611111111111 0.01015625 0.0125
1 0.48125 0.35694444444444445 0.015625 0.06944444444444445
2 0.698828125 0.4652777777777778 0.02421875 0.09444444444444444
6 0.880078125 0.26944444444444443 0.01640625 0.05555555555555555
4 0.2078125 0.09722222222222222 0.2171875 0.05
3 0.264453125 0.4583333333333333 0.00859375 0.016666666666666666
0 0.180078125 0.5965277777777778 0.02265625 0.12916666666666668
0 0.201953125 0.4951388888888889 0.02265625 0.09861111111111111
0 0.27734375 0.46319444444444446 0.01875 0.09305555555555556
0 0.308984375 0.5194444444444445 0.01796875 0.10833333333333334
0 0.332421875 0.46319444444444446 0.01640625 0.09027777777777778
0 0.37421875 0.4388888888888889 0.0203125 0.09444444444444444
0 0.433203125 0.39791666666666664 0.01796875 0.07083333333333333
0 0.5375 0.5458333333333333 0.0203125 0.10555555555555556
0 0.582421875 0.49027777777777776 0.02578125 0.09722222222222222
0 0.9671875 0.5472222222222223 0.025 0.13055555555555556
0 0.876171875 0.38958333333333334 0.02109375 0.07916666666666666
0 0.8015625 0.3416666666666667 0.0109375 0.07222222222222222
0 0.681640625 0.3527777777777778 0.01171875 0.07777777777777778
0 0.611328125 0.42430555555555555 0.02109375 0.0763888888888889
0 0.5515625 0.4131944444444444 0.0125 0.07916666666666666
0 0.582421875 0.3701388888888889 0.01640625 0.07361111111111111
0 0.5765625 0.37569444444444444 0.01875 0.06805555555555555
0 0.517578125 0.38680555555555557 0.01640625 0.0763888888888889
0 0.52734375 0.3784722222222222 0.015625 0.07083333333333333
6 0.47421875 0.32708333333333334 0.1421875 0.11805555555555555