3 0.339453125 0.33819444444444446 0.00546875 0.0125
2 0.262109375 0.44305555555555554 0.03515625 0.08888888888888889
0 0.011328125 0.3770833333333333 0.02265625 0.08194444444444444
0 0.147265625 0.32222222222222224 0.02265625 0.06388888888888888
0 0.3265625 0.2902777777777778 0.015625 0.05277777777777778
0 0.44609375 0.35347222222222224 0.0140625 0.0763888888888889
0 0.65703125 0.3173611111111111 0.021875 0.06527777777777778
0 0.705859375 0.3451388888888889 0.02265625 0.07361111111111111
0 0.65859375 0.38055555555555554 0.028125 0.08611111111111111
0 0.66640625 0.5506944444444445 0.0328125 0.1125
0 0.5203125 0.6069444444444444 0.0375 0.13055555555555556
0 0.30625 0.38333333333333336 0.0359375 0.07777777777777778
0 0.144921875 0.6145833333333334 0.05078125 0.13194444444444445
0 0.055078125 0.5833333333333334 0.06796875 0.11388888888888889
0 0.058984375 0.5034722222222222 0.03515625 0.0875
4 0.20859375 0.09861111111111111 0.2171875 0.04722222222222222
0 0.251171875 0.43472222222222223 0.02109375 0.08055555555555556