5 0.24609375 0.5875 0.0125 0.016666666666666666
1 0.549609375 0.43125 0.03203125 0.1375
0 0.619921875 0.5034722222222222 0.04765625 0.1597222222222222
0 0.51875 0.46944444444444444 0.03125 0.15
0 0.530078125 0.4534722222222222 0.03828125 0.14305555555555555
0 0.43046875 0.4576388888888889 0.0359375 0.1486111111111111
0 0.407421875 0.44722222222222224 0.03515625 0.12777777777777777
0 0.390234375 0.5013888888888889 0.04921875 0.15555555555555556
0 0.29140625 0.5111111111111111 0.0453125 0.16111111111111112
0 0.1078125 0.4270833333333333 0.0328125 0.12916666666666668
0 0.303125 0.47638888888888886 0.028125 0.15833333333333333
0 0.312890625 0.44930555555555557 0.03359375 0.13194444444444445
0 0.2984375 0.37916666666666665 0.034375 0.11388888888888889
0 0.321875 0.3638888888888889 0.021875 0.12777777777777777
0 0.3796875 0.4236111111111111 0.0265625 0.10833333333333334
0 0.359765625 0.45 0.03203125 0.1111111111111111
0 0.3453125 0.38819444444444445 0.03125 0.09861111111111111
4 0.20859375 0.09791666666666667 0.2203125 0.04583333333333333
7 0.684375 0.4041666666666667 0.328125 0.24722222222222223