7 0.12578125 0.33819444444444446 0.115625 0.08194444444444444
6 0.41171875 0.2743055555555556 0.015625 0.0375
1 0.230078125 0.3548611111111111 0.01640625 0.04583333333333333
0 0.065625 0.4013888888888889 0.0171875 0.05
0 0.21015625 0.375 0.0171875 0.05
5 0.275390625 0.3819444444444444 0.00859375 0.013888888888888888
0 0.389453125 0.3090277777777778 0.01484375 0.04027777777777778
0 0.42890625 0.33125 0.01875 0.05138888888888889
0 0.185546875 0.7104166666666667 0.03828125 0.12638888888888888
2 0.810546875 0.3854166666666667 0.01953125 0.05694444444444444
0 0.840234375 0.6354166666666666 0.03671875 0.12361111111111112
0 0.616015625 0.45555555555555555 0.03515625 0.08055555555555556
0 0.53359375 0.44305555555555554 0.021875 0.06944444444444445
0 0.516015625 0.3909722222222222 0.01953125 0.05416666666666667
0 0.53515625 0.3854166666666667 0.0234375 0.05138888888888889
0 0.6609375 0.35 0.0171875 0.05277777777777778
0 0.729296875 0.3590277777777778 0.01953125 0.05138888888888889
0 0.793359375 0.31805555555555554 0.01953125 0.041666666666666664
0 0.853515625 0.3236111111111111 0.01953125 0.041666666666666664
4 0.208203125 0.09722222222222222 0.21484375 0.044444444444444446