1 0.174609375 0.3138888888888889 0.04609375 0.14722222222222223
7 0.1625 0.2423611111111111 0.3234375 0.26805555555555555
4 0.207421875 0.09513888888888888 0.21640625 0.04583333333333333
3 0.54609375 0.6208333333333333 0.0171875 0.03333333333333333
2 0.84296875 0.5256944444444445 0.0328125 0.22083333333333333
0 0.071484375 0.6222222222222222 0.05859375 0.18333333333333332
0 0.39609375 0.44513888888888886 0.04375 0.16527777777777777
0 0.4734375 0.4215277777777778 0.0375 0.19305555555555556
0 0.491015625 0.5041666666666667 0.04609375 0.17777777777777778
0 0.513671875 0.5319444444444444 0.04765625 0.17777777777777778
0 0.59921875 0.39444444444444443 0.0375 0.17777777777777778
0 0.5859375 0.5347222222222222 0.0703125 0.12777777777777777
0 0.609765625 0.6201388888888889 0.06171875 0.2263888888888889
0 0.53828125 0.96875 0.0625 0.0625