5 0.53359375 0.44722222222222224 0.0109375 0.013888888888888888
3 0.580078125 0.34791666666666665 0.00859375 0.0125
1 0.609765625 0.30972222222222223 0.02109375 0.09444444444444444
7 0.848828125 0.3159722222222222 0.23203125 0.16805555555555557
6 0.2296875 0.24861111111111112 0.0265625 0.075
0 0.04765625 0.5527777777777778 0.0265625 0.16666666666666666
0 0.14453125 0.5 0.034375 0.14722222222222223
0 0.295703125 0.5229166666666667 0.04765625 0.15138888888888888
0 0.27265625 0.7145833333333333 0.06875 0.15138888888888888
0 0.529296875 0.6625 0.04296875 0.18888888888888888
0 0.55703125 0.5305555555555556 0.0484375 0.1361111111111111
0 0.615234375 0.5055555555555555 0.04609375 0.14444444444444443
0 0.473828125 0.43472222222222223 0.03203125 0.12777777777777777
0 0.498828125 0.3875 0.03046875 0.11666666666666667
0 0.093359375 0.37222222222222223 0.03359375 0.1
0 0.005859375 0.48125 0.01171875 0.10694444444444444
4 0.208203125 0.09722222222222222 0.21484375 0.05
3 0.7546875 0.35138888888888886 0.0078125 0.013888888888888888
3 0.7625 0.33958333333333335 0.00625 0.0125