3 0.148046875 0.38055555555555554 0.01015625 0.027777777777777776
4 0.2078125 0.09722222222222222 0.21875 0.044444444444444446
0 0.080859375 0.4201388888888889 0.06328125 0.15138888888888888
0 0.169140625 0.45625 0.05859375 0.14027777777777778
0 0.363671875 0.3638888888888889 0.02890625 0.16111111111111112
0 0.4328125 0.4326388888888889 0.0421875 0.1597222222222222
0 0.44921875 0.3451388888888889 0.040625 0.1375
0 0.5859375 0.2847222222222222 0.028125 0.13055555555555556
0 0.63515625 0.6013888888888889 0.0453125 0.2111111111111111
0 0.69765625 0.5631944444444444 0.0453125 0.21805555555555556
0 0.81328125 0.5875 0.05 0.20555555555555555
0 0.836328125 0.6 0.05078125 0.2361111111111111
0 0.9265625 0.59375 0.0359375 0.19027777777777777
1 0.925 0.14027777777777778 0.0296875 0.07777777777777778
7 0.948046875 0.09930555555555555 0.10390625 0.09583333333333334
7 0.736328125 0.8138888888888889 0.52734375 0.37222222222222223
1 0.85703125 0.8881944444444444 0.11875 0.22361111111111112