1 0.885546875 0.3347222222222222 0.02578125 0.09166666666666666
5 0.715625 0.4222222222222222 0.0078125 0.011111111111111112
6 0.4609375 0.25625 0.0171875 0.059722222222222225
7 0.94609375 0.3090277777777778 0.1078125 0.15694444444444444
2 0.09921875 0.4111111111111111 0.028125 0.10277777777777777
0 0.2359375 0.7104166666666667 0.0375 0.1763888888888889
0 0.2875 0.42916666666666664 0.0265625 0.10277777777777777
0 0.444140625 0.4652777777777778 0.04140625 0.12222222222222222
0 0.591796875 0.4673611111111111 0.02734375 0.11805555555555555
0 0.65546875 0.40902777777777777 0.0234375 0.10694444444444444
0 0.59609375 0.3645833333333333 0.0265625 0.09861111111111111
0 0.455859375 0.36319444444444443 0.03046875 0.07916666666666666
0 0.398828125 0.3875 0.03671875 0.041666666666666664
0 0.38984375 0.3541666666666667 0.025 0.075
0 0.28828125 0.3236111111111111 0.021875 0.07222222222222222
0 0.024609375 0.3548611111111111 0.02578125 0.09027777777777778
0 0.08046875 0.3055555555555556 0.034375 0.07222222222222222
4 0.207421875 0.09861111111111111 0.21484375 0.04722222222222222
3 0.330078125 0.3763888888888889 0.01015625 0.016666666666666666