1 0.09375 0.2791666666666667 0.01875 0.05555555555555555
7 0.071875 0.24097222222222223 0.1203125 0.09861111111111111
4 0.207421875 0.09861111111111111 0.21484375 0.044444444444444446
3 0.628515625 0.5201388888888889 0.00859375 0.015277777777777777
2 0.839453125 0.35694444444444445 0.03515625 0.08333333333333333
0 0.108984375 0.35625 0.02734375 0.07083333333333333
5 0.2421875 0.28541666666666665 0.0046875 0.006944444444444444
6 0.368359375 0.18125 0.01640625 0.0375
0 0.888671875 0.21875 0.01796875 0.05416666666666667
0 0.771484375 0.3159722222222222 0.02734375 0.07916666666666666
0 0.730859375 0.2263888888888889 0.01484375 0.05555555555555555
0 0.6546875 0.27708333333333335 0.01875 0.0625
0 0.5796875 0.3861111111111111 0.0265625 0.08611111111111111
0 0.509765625 0.37222222222222223 0.03515625 0.075
0 0.608203125 0.24097222222222223 0.02421875 0.05694444444444444
0 0.5796875 0.22430555555555556 0.015625 0.05694444444444444
0 0.4171875 0.2625 0.0234375 0.06388888888888888
0 0.353515625 0.24583333333333332 0.01484375 0.05277777777777778
0 0.34609375 0.5409722222222222 0.05625 0.11527777777777778
0 0.10546875 0.5291666666666667 0.03125 0.10555555555555556
0 0.04296875 0.5402777777777777 0.040625 0.1