1 0.05703125 0.23055555555555557 0.021875 0.06666666666666667
7 0.041796875 0.19930555555555557 0.08359375 0.10972222222222222
6 0.400390625 0.13819444444444445 0.02578125 0.05416666666666667
4 0.207421875 0.09791666666666667 0.21484375 0.05138888888888889
3 0.74375 0.4340277777777778 0.0125 0.018055555555555554
2 0.36875 0.33611111111111114 0.028125 0.09722222222222222
0 0.99140625 0.33611111111111114 0.0171875 0.08611111111111111
0 0.9203125 0.32708333333333334 0.05 0.09027777777777778
0 0.852734375 0.19444444444444445 0.02578125 0.058333333333333334
0 0.6453125 0.19652777777777777 0.0203125 0.059722222222222225
0 0.533984375 0.25277777777777777 0.01640625 0.07222222222222222
0 0.490234375 0.24444444444444444 0.02109375 0.07222222222222222
0 0.414453125 0.24166666666666667 0.01640625 0.06944444444444445
0 0.40703125 0.2076388888888889 0.015625 0.05138888888888889
0 0.39453125 0.25972222222222224 0.0203125 0.075
0 0.374609375 0.24166666666666667 0.01640625 0.07777777777777778
0 0.346484375 0.2638888888888889 0.01953125 0.06388888888888888
0 0.334375 0.21388888888888888 0.015625 0.058333333333333334
0 0.31953125 0.28958333333333336 0.0125 0.07361111111111111
0 0.31796875 0.2569444444444444 0.015625 0.06666666666666667
0 0.301171875 0.26458333333333334 0.01640625 0.08194444444444444
0 0.2515625 0.2652777777777778 0.0125 0.07222222222222222
0 0.238671875 0.2701388888888889 0.02109375 0.07083333333333333
0 0.208203125 0.3527777777777778 0.02265625 0.08055555555555556
0 0.176171875 0.31875 0.01796875 0.08194444444444444