1 0.8453125 0.3020833333333333 0.015625 0.05138888888888889
5 0.76640625 0.30694444444444446 0.0046875 0.005555555555555556
7 0.881640625 0.2701388888888889 0.08203125 0.07083333333333333
3 0.54296875 0.6930555555555555 0.0125 0.022222222222222223
2 0.39765625 0.41458333333333336 0.01875 0.06805555555555555
0 0.782421875 0.5465277777777777 0.02109375 0.09305555555555556
0 0.8078125 0.4701388888888889 0.0171875 0.06805555555555555
0 0.809765625 0.4666666666666667 0.02109375 0.09722222222222222
0 0.716015625 0.3875 0.01484375 0.06666666666666667
0 0.683984375 0.37222222222222223 0.02265625 0.06388888888888888
0 0.65234375 0.48541666666666666 0.01875 0.09583333333333334
0 0.580859375 0.6916666666666667 0.04140625 0.09722222222222222
0 0.548046875 0.6375 0.03359375 0.09444444444444444
0 0.4265625 0.6194444444444445 0.0328125 0.09166666666666666
0 0.455859375 0.5944444444444444 0.03359375 0.09166666666666666
0 0.471484375 0.45694444444444443 0.01640625 0.07777777777777778
0 0.5234375 0.4583333333333333 0.0171875 0.07222222222222222
0 0.56328125 0.3576388888888889 0.015625 0.059722222222222225
0 0.47734375 0.3888888888888889 0.01875 0.06111111111111111
0 0.46328125 0.29930555555555555 0.0125 0.04027777777777778
0 0.293359375 0.29097222222222224 0.01171875 0.043055555555555555
0 0.096484375 0.3763888888888889 0.01796875 0.05555555555555555
4 0.207421875 0.09722222222222222 0.21796875 0.04722222222222222
6 0.661328125 0.225 0.00703125 0.030555555555555555