5 0.367578125 0.49166666666666664 0.00859375 0.011111111111111112
3 0.5609375 0.4076388888888889 0.0078125 0.0125
1 0.624609375 0.4131944444444444 0.02421875 0.09583333333333334
0 0.557421875 0.48541666666666666 0.02265625 0.11527777777777778
0 0.482421875 0.49166666666666664 0.03046875 0.10833333333333334
0 0.377734375 0.5020833333333333 0.02578125 0.10416666666666667
0 0.32109375 0.45 0.0203125 0.10555555555555556
0 0.18984375 0.43819444444444444 0.0203125 0.09583333333333334
0 0.18125 0.4236111111111111 0.0203125 0.09722222222222222
0 0.1171875 0.3416666666666667 0.0171875 0.08055555555555556
0 0.007421875 0.5493055555555556 0.01484375 0.1125
0 0.00859375 0.47291666666666665 0.0171875 0.10416666666666667
0 0.040625 0.5076388888888889 0.0375 0.11527777777777778
0 0.050390625 0.4777777777777778 0.03203125 0.09166666666666666
0 0.0765625 0.47291666666666665 0.0234375 0.1125
0 0.062109375 0.3972222222222222 0.01953125 0.07222222222222222
6 0.096484375 0.3229166666666667 0.01328125 0.06527777777777778
7 0.637890625 0.3854166666666667 0.18828125 0.15694444444444444
4 0.207421875 0.09583333333333334 0.21640625 0.05