5 0.5375 0.49930555555555556 0.009375 0.0125
2 0.353125 0.42569444444444443 0.01875 0.08194444444444444
1 0.695703125 0.40625 0.01484375 0.08194444444444444
3 0.708984375 0.4222222222222222 0.00859375 0.019444444444444445
3 0.308984375 0.4027777777777778 0.00546875 0.011111111111111112
3 0.295703125 0.36736111111111114 0.00390625 0.009722222222222222
6 0.30703125 0.3472222222222222 0.009375 0.04722222222222222
0 0.28671875 0.3416666666666667 0.0125 0.05555555555555555
0 0.320703125 0.38055555555555554 0.01328125 0.06111111111111111
0 0.03671875 0.5208333333333334 0.0265625 0.10555555555555556
0 0.679296875 0.43472222222222223 0.01796875 0.08333333333333333
0 0.60546875 0.4166666666666667 0.01875 0.07777777777777778
0 0.5359375 0.425 0.01875 0.08055555555555556
0 0.54765625 0.4708333333333333 0.021875 0.10277777777777777
0 0.508203125 0.4888888888888889 0.01640625 0.10555555555555556
0 0.4921875 0.4722222222222222 0.015625 0.09722222222222222
0 0.469921875 0.4791666666666667 0.01171875 0.09166666666666666
0 0.4546875 0.4909722222222222 0.0140625 0.08472222222222223
0 0.43984375 0.5013888888888889 0.0140625 0.10555555555555556
0 0.453125 0.48194444444444445 0.01875 0.09166666666666666
7 0.784765625 0.39791666666666664 0.18203125 0.1375
4 0.20859375 0.09722222222222222 0.2171875 0.044444444444444446
0 0.3625 0.4791666666666667 0.015625 0.08333333333333333