5 0.304296875 0.24027777777777778 0.00859375 0.011111111111111112
1 0.45390625 0.19166666666666668 0.0125 0.06111111111111111
7 0.47265625 0.16875 0.1265625 0.09305555555555556
6 0.1265625 0.1388888888888889 0.01875 0.03611111111111111
4 0.2078125 0.09930555555555555 0.2140625 0.043055555555555555
2 0.2046875 0.35138888888888886 0.021875 0.09166666666666666
3 0.6015625 0.5972222222222222 0.0109375 0.019444444444444445
0 0.733984375 0.49583333333333335 0.02265625 0.12222222222222222
0 0.7265625 0.35625 0.0171875 0.09583333333333334
0 0.637109375 0.39444444444444443 0.03359375 0.09166666666666666
0 0.68125 0.5173611111111112 0.0359375 0.09305555555555556
0 0.557421875 0.5652777777777778 0.05234375 0.11944444444444445
0 0.306640625 0.5319444444444444 0.04921875 0.1
0 0.38359375 0.3375 0.025 0.08888888888888889
0 0.39921875 0.3333333333333333 0.025 0.09166666666666666
0 0.508984375 0.3625 0.02109375 0.08333333333333333
0 0.55390625 0.35208333333333336 0.021875 0.09583333333333334
0 0.54140625 0.30277777777777776 0.021875 0.07777777777777778
0 0.503125 0.30277777777777776 0.0203125 0.07777777777777778
0 0.498046875 0.28888888888888886 0.01640625 0.08055555555555556
0 0.4328125 0.26805555555555555 0.01875 0.075
0 0.2171875 0.2590277777777778 0.0203125 0.0763888888888889