1 0.144921875 0.3451388888888889 0.01640625 0.05138888888888889
7 0.07265625 0.3375 0.121875 0.10277777777777777
4 0.208984375 0.09722222222222222 0.21796875 0.044444444444444446
6 0.380859375 0.27708333333333335 0.00546875 0.034722222222222224
2 0.5765625 0.40694444444444444 0.01875 0.06388888888888888
3 0.25546875 0.3486111111111111 0.0046875 0.008333333333333333
0 0.254296875 0.33541666666666664 0.01484375 0.0375
0 0.2390625 0.4041666666666667 0.0171875 0.05555555555555555
0 0.403125 0.8020833333333334 0.040625 0.1486111111111111
0 0.759765625 0.6604166666666667 0.04140625 0.1375
0 0.98046875 0.3458333333333333 0.0171875 0.06388888888888888
0 0.86015625 0.34791666666666665 0.0140625 0.05138888888888889
0 0.78984375 0.30625 0.0109375 0.043055555555555555
0 0.639453125 0.3597222222222222 0.01796875 0.05277777777777778
0 0.6 0.4097222222222222 0.015625 0.075
0 0.587890625 0.3486111111111111 0.01171875 0.05
0 0.65703125 0.2875 0.0109375 0.03611111111111111
0 0.502734375 0.3326388888888889 0.01484375 0.043055555555555555
0 0.45625 0.41180555555555554 0.01875 0.07361111111111111
0 0.419140625 0.33194444444444443 0.01484375 0.06111111111111111
0 0.31171875 0.35347222222222224 0.0109375 0.05416666666666667