5 0.748828125 0.41805555555555557 0.00703125 0.011111111111111112
2 0.657421875 0.5083333333333333 0.03046875 0.11388888888888889
1 0.51875 0.3659722222222222 0.025 0.06805555555555555
0 0.157421875 0.5652777777777778 0.02734375 0.125
0 0.325 0.5041666666666667 0.028125 0.09722222222222222
0 0.382421875 0.5152777777777777 0.03203125 0.08055555555555556
0 0.4078125 0.5006944444444444 0.0265625 0.07083333333333333
0 0.401171875 0.5729166666666666 0.02734375 0.12638888888888888
0 0.528125 0.5965277777777778 0.0328125 0.12638888888888888
0 0.550390625 0.5618055555555556 0.02734375 0.12361111111111112
0 0.589453125 0.46458333333333335 0.02265625 0.09305555555555556
0 0.56484375 0.4097222222222222 0.0234375 0.08055555555555556
0 0.622265625 0.3972222222222222 0.01640625 0.08611111111111111
0 0.6375 0.38472222222222224 0.0234375 0.075
0 0.6890625 0.3736111111111111 0.01875 0.08333333333333333
0 0.721875 0.3902777777777778 0.0203125 0.08333333333333333
0 0.77421875 0.3486111111111111 0.0265625 0.09166666666666666
0 0.79140625 0.35694444444444445 0.025 0.08055555555555556
0 0.8625 0.375 0.0203125 0.08055555555555556
0 0.94609375 0.4847222222222222 0.01875 0.10277777777777777
7 0.527734375 0.33125 0.15859375 0.13472222222222222
0 0.05546875 0.6736111111111112 0.04375 0.14722222222222223
4 0.207421875 0.09791666666666667 0.21484375 0.04583333333333333