6 0.28984375 0.28888888888888886 0.025 0.09166666666666666
4 0.207421875 0.09583333333333334 0.21484375 0.04722222222222222
3 0.586328125 0.3368055555555556 0.01015625 0.015277777777777777
2 0.622265625 0.42916666666666664 0.03203125 0.11388888888888889
0 0.834375 0.3576388888888889 0.0203125 0.10416666666666667
0 0.621484375 0.5020833333333333 0.03671875 0.14305555555555555
0 0.69375 0.325 0.021875 0.07777777777777778
0 0.66875 0.34305555555555556 0.021875 0.08888888888888889
0 0.612890625 0.31666666666666665 0.01953125 0.08055555555555556
0 0.556640625 0.34444444444444444 0.03515625 0.06666666666666667
0 0.516015625 0.30069444444444443 0.01953125 0.07361111111111111
0 0.3640625 0.33055555555555555 0.021875 0.08888888888888889
0 0.321484375 0.41180555555555554 0.02265625 0.10694444444444444
0 0.22265625 0.43333333333333335 0.0359375 0.11666666666666667
0 0.11875 0.4215277777777778 0.025 0.11805555555555555
0 0.08671875 0.4708333333333333 0.025 0.12777777777777777