1 0.394921875 0.275 0.01015625 0.05277777777777778
5 0.496875 0.28541666666666665 0.00625 0.0125
7 0.353515625 0.23125 0.10703125 0.0875
4 0.207421875 0.09583333333333334 0.21640625 0.04722222222222222
6 0.64140625 0.1840277777777778 0.0109375 0.0375
2 0.916015625 0.5097222222222222 0.04609375 0.11944444444444445
0 0.9140625 0.38055555555555554 0.0234375 0.07777777777777778
0 0.7953125 0.5027777777777778 0.015625 0.1111111111111111
0 0.644140625 0.5055555555555555 0.03828125 0.10555555555555556
0 0.658203125 0.4826388888888889 0.02578125 0.10138888888888889
0 0.609375 0.3236111111111111 0.0203125 0.07222222222222222
0 0.396875 0.41597222222222224 0.0203125 0.09583333333333334
0 0.36015625 0.39166666666666666 0.01875 0.06944444444444445
0 0.38046875 0.5256944444444445 0.021875 0.1125
0 0.32734375 0.5555555555555556 0.0234375 0.10555555555555556
0 0.290234375 0.5069444444444444 0.01640625 0.08055555555555556
3 0.280859375 0.5256944444444445 0.00703125 0.020833333333333332
0 0.259375 0.5041666666666667 0.0265625 0.09722222222222222