5 0.673828125 0.3423611111111111 0.00859375 0.015277777777777777
2 0.9171875 0.39375 0.034375 0.12083333333333333
6 0.930078125 0.16666666666666666 0.01640625 0.06388888888888888
1 0.43671875 0.2881944444444444 0.028125 0.08194444444444444
3 0.292578125 0.5 0.01328125 0.019444444444444445
4 0.208203125 0.09791666666666667 0.21640625 0.043055555555555555
7 0.432421875 0.2520833333333333 0.17109375 0.14583333333333334
0 0.236328125 0.46111111111111114 0.05390625 0.12777777777777777
0 0.363671875 0.39861111111111114 0.03515625 0.10833333333333334
0 0.538671875 0.3993055555555556 0.02734375 0.11527777777777778
0 0.566015625 0.42777777777777776 0.04296875 0.10555555555555556
0 0.569921875 0.3347222222222222 0.02578125 0.1
0 0.71640625 0.3111111111111111 0.0296875 0.09166666666666666
0 0.724609375 0.29375 0.03046875 0.08472222222222223
0 0.746484375 0.27708333333333335 0.02109375 0.08472222222222223
0 0.780078125 0.26180555555555557 0.02265625 0.0875
0 0.828125 0.2701388888888889 0.0203125 0.09027777777777778
0 0.930859375 0.30694444444444446 0.03359375 0.09444444444444444