4 0.93671875 0.9152777777777777 0.053125 0.08055555555555556
4 0.182421875 0.11875 0.22421875 0.04583333333333333
4 0.040625 0.11736111111111111 0.0234375 0.034722222222222224
6 0.463671875 0.24513888888888888 0.02890625 0.07361111111111111
5 0.73515625 0.4826388888888889 0.009375 0.0125
3 0.86875 0.4423611111111111 0.0109375 0.0125
1 0.891015625 0.3909722222222222 0.03828125 0.1125
7 0.975390625 0.3388888888888889 0.04921875 0.16666666666666666
0 0.815625 0.5256944444444445 0.0421875 0.15138888888888888
0 0.5921875 0.575 0.0421875 0.15
0 0.383984375 0.8416666666666667 0.06015625 0.17777777777777778
0 0.408984375 0.41180555555555554 0.02890625 0.1125
0 0.404296875 0.5173611111111112 0.02734375 0.12916666666666668
0 0.299609375 0.4625 0.04296875 0.11666666666666667
0 0.28828125 0.5513888888888889 0.046875 0.125
0 0.24296875 0.49444444444444446 0.046875 0.12777777777777777
0 0.16640625 0.6680555555555555 0.034375 0.15555555555555556
0 0.041015625 0.5861111111111111 0.07109375 0.1638888888888889