4 0.937890625 0.9152777777777777 0.05546875 0.07222222222222222
4 0.181640625 0.11736111111111111 0.22421875 0.04583333333333333
4 0.041015625 0.11527777777777778 0.02578125 0.03333333333333333
6 0.3640625 0.2951388888888889 0.0171875 0.04861111111111111
5 0.537890625 0.44722222222222224 0.00859375 0.008333333333333333
1 0.653515625 0.3951388888888889 0.02109375 0.07916666666666666
7 0.741015625 0.36736111111111114 0.14609375 0.12083333333333333
3 0.590234375 0.8298611111111112 0.01171875 0.020833333333333332
0 0.996484375 0.8055555555555556 0.00703125 0.1388888888888889
0 0.890625 0.6708333333333333 0.034375 0.11388888888888889
0 0.633203125 0.58125 0.04296875 0.10138888888888889
0 0.627734375 0.7090277777777778 0.03046875 0.10138888888888889
0 0.6109375 0.7784722222222222 0.03125 0.14027777777777778
2 0.2140625 0.5048611111111111 0.0265625 0.09305555555555556
0 0.258984375 0.55 0.02734375 0.1
0 0.45546875 0.5451388888888888 0.0265625 0.09027777777777778
0 0.50625 0.625 0.0375 0.10277777777777777
0 0.48984375 0.4625 0.01875 0.08888888888888889
0 0.402734375 0.42777777777777776 0.01953125 0.07222222222222222
0 0.3859375 0.4305555555555556 0.0171875 0.075
0 0.382421875 0.4097222222222222 0.01328125 0.07777777777777778
0 0.34921875 0.41388888888888886 0.025 0.09166666666666666
0 0.212109375 0.46597222222222223 0.02109375 0.07361111111111111
0 0.11328125 0.45208333333333334 0.025 0.08194444444444444
0 0.12734375 0.5527777777777778 0.028125 0.09722222222222222