4 0.93828125 0.9166666666666666 0.05 0.08333333333333333
4 0.18203125 0.11597222222222223 0.225 0.043055555555555555
4 0.040234375 0.11666666666666667 0.02734375 0.03888888888888889
6 0.402734375 0.2423611111111111 0.01796875 0.04861111111111111
1 0.704296875 0.3368055555555556 0.02109375 0.06805555555555555
5 0.563671875 0.38263888888888886 0.01015625 0.009722222222222222
7 0.758203125 0.30833333333333335 0.13515625 0.12222222222222222
3 0.779296875 0.6833333333333333 0.01171875 0.019444444444444445
0 0.90234375 0.6840277777777778 0.04375 0.13194444444444445
0 0.768359375 0.64375 0.03984375 0.11805555555555555
0 0.741015625 0.5597222222222222 0.02421875 0.10555555555555556
0 0.6359375 0.6076388888888888 0.028125 0.10972222222222222
0 0.472265625 0.4131944444444444 0.02734375 0.0763888888888889
0 0.45234375 0.55 0.028125 0.10555555555555556
0 0.403515625 0.5590277777777778 0.03046875 0.09305555555555556
0 0.366796875 0.3701388888888889 0.02734375 0.07916666666666666
0 0.323046875 0.38472222222222224 0.02890625 0.07777777777777778
0 0.279296875 0.3715277777777778 0.02421875 0.07083333333333333
0 0.25078125 0.36944444444444446 0.03125 0.07777777777777778
0 0.2328125 0.48680555555555555 0.034375 0.09027777777777778
2 0.088671875 0.4479166666666667 0.02890625 0.09861111111111111
0 0.01171875 0.40208333333333335 0.0203125 0.0763888888888889