4 0.939453125 0.9159722222222222 0.05703125 0.07916666666666666
4 0.1828125 0.11666666666666667 0.2265625 0.05277777777777778
4 0.0421875 0.12083333333333333 0.025 0.03888888888888889
5 0.1859375 0.4527777777777778 0.009375 0.011111111111111112
1 0.231640625 0.4375 0.02578125 0.14166666666666666
6 0.46328125 0.20416666666666666 0.021875 0.07777777777777778
3 0.51171875 0.58125 0.0109375 0.02361111111111111
0 0.355078125 0.36319444444444443 0.03671875 0.11805555555555555
0 0.21484375 0.4895833333333333 0.0171875 0.11527777777777778
0 0.203125 0.775 0.0640625 0.15555555555555556
0 0.509765625 0.525 0.04296875 0.13333333333333333
0 0.653515625 0.7305555555555555 0.05703125 0.17777777777777778
0 0.886328125 0.6597222222222222 0.04609375 0.18333333333333332
0 0.975390625 0.3659722222222222 0.04921875 0.10694444444444444
0 0.821875 0.35138888888888886 0.0453125 0.1111111111111111
0 0.73203125 0.41805555555555557 0.0390625 0.10277777777777777
0 0.780078125 0.2861111111111111 0.02890625 0.1