4 0.937890625 0.9173611111111111 0.05546875 0.07916666666666666
5 0.978515625 0.5423611111111111 0.00859375 0.0125
6 0.744140625 0.33611111111111114 0.01953125 0.06388888888888888
2 0.44453125 0.5673611111111111 0.025 0.1125
3 0.384375 0.45208333333333334 0.00625 0.0125
0 0.371484375 0.4534722222222222 0.03203125 0.0625
0 0.327734375 0.4284722222222222 0.03515625 0.07361111111111111
0 0.338671875 0.5138888888888888 0.03203125 0.09166666666666666
0 0.4109375 0.65 0.0375 0.125
0 0.509375 0.6611111111111111 0.021875 0.13055555555555556
0 0.583203125 0.5958333333333333 0.02578125 0.11944444444444445
0 0.595703125 0.45416666666666666 0.01796875 0.08611111111111111
0 0.722265625 0.5152777777777777 0.02890625 0.10833333333333334
0 0.774609375 0.49166666666666664 0.02734375 0.08888888888888889
0 0.778515625 0.5354166666666667 0.02421875 0.10416666666666667
0 0.862109375 0.5368055555555555 0.02734375 0.10694444444444444
0 0.94140625 0.6875 0.0296875 0.14166666666666666
0 0.8078125 0.7131944444444445 0.0296875 0.13472222222222222
0 0.579296875 0.8840277777777777 0.03203125 0.1625
0 0.446875 0.8868055555555555 0.046875 0.1763888888888889
0 0.205078125 0.7555555555555555 0.04140625 0.1527777777777778
4 0.182421875 0.11597222222222223 0.22578125 0.04583333333333333
4 0.041015625 0.11736111111111111 0.02578125 0.034722222222222224