4 0.9359375 0.9173611111111111 0.05625 0.08472222222222223
4 0.18203125 0.11805555555555555 0.228125 0.04722222222222222
4 0.039453125 0.11736111111111111 0.02265625 0.0375
5 0.271484375 0.6930555555555555 0.01171875 0.016666666666666666
3 0.7375 0.5465277777777777 0.0140625 0.02638888888888889
7 0.771875 0.4861111111111111 0.3515625 0.3055555555555556
1 0.724609375 0.6138888888888889 0.06953125 0.06111111111111111
0 0.698828125 0.6298611111111111 0.08203125 0.1597222222222222
0 0.675 0.5770833333333333 0.0453125 0.17916666666666667
0 0.5953125 0.5013888888888889 0.0359375 0.175
0 0.543359375 0.6354166666666666 0.04609375 0.19583333333333333
0 0.455859375 0.5993055555555555 0.06484375 0.19583333333333333
0 0.15625 0.4618055555555556 0.0609375 0.15694444444444444