4 0.937890625 0.9173611111111111 0.05390625 0.07916666666666666
4 0.1828125 0.11736111111111111 0.228125 0.05138888888888889
4 0.040625 0.11666666666666667 0.025 0.03611111111111111
6 0.5921875 0.3 0.0328125 0.08611111111111111
0 0.909765625 0.5291666666666667 0.03671875 0.14166666666666666
0 0.883984375 0.5513888888888889 0.03359375 0.14166666666666666
0 0.79375 0.5798611111111112 0.0375 0.14027777777777778
0 0.72421875 0.48541666666666666 0.0359375 0.1375
0 0.715234375 0.6263888888888889 0.03984375 0.16666666666666666
0 0.669140625 0.4861111111111111 0.03984375 0.11944444444444445
0 0.478125 0.8652777777777778 0.0421875 0.17777777777777778
0 0.42265625 0.8659722222222223 0.0390625 0.19027777777777777
4 0.31953125 0.48055555555555557 0.0125 0.016666666666666666
2 0.246484375 0.51875 0.02421875 0.12083333333333333
0 0.34921875 0.6125 0.0359375 0.14722222222222223
0 0.50078125 0.5111111111111111 0.04375 0.12777777777777777
0 0.533203125 0.425 0.03515625 0.1111111111111111
0 0.332421875 0.3909722222222222 0.02109375 0.10694444444444444
0 0.343359375 0.4527777777777778 0.03046875 0.10277777777777777
0 0.297265625 0.43680555555555556 0.04296875 0.10972222222222222
0 0.244140625 0.6125 0.03359375 0.1527777777777778