4 0.93828125 0.9159722222222222 0.05625 0.07361111111111111
4 0.183203125 0.11736111111111111 0.22734375 0.043055555555555555
4 0.040625 0.11597222222222223 0.0234375 0.034722222222222224
6 0.14296875 0.3013888888888889 0.015625 0.05555555555555555
6 0.336328125 0.4597222222222222 0.01015625 0.005555555555555556
1 0.486328125 0.40208333333333335 0.01953125 0.07361111111111111
7 0.542578125 0.37083333333333335 0.14453125 0.13055555555555556
3 0.765625 0.73125 0.009375 0.015277777777777777
0 0.90234375 0.7388888888888889 0.0234375 0.12777777777777777
0 0.775 0.6048611111111111 0.0203125 0.10138888888888889
0 0.751953125 0.6861111111111111 0.04140625 0.11666666666666667
0 0.71328125 0.6590277777777778 0.0375 0.09583333333333334
0 0.60625 0.5840277777777778 0.0171875 0.09583333333333334
0 0.5796875 0.5590277777777778 0.0265625 0.10138888888888889
0 0.39375 0.5361111111111111 0.0265625 0.09722222222222222
0 0.31171875 0.6611111111111111 0.034375 0.11388888888888889
0 0.211328125 0.7013888888888888 0.03828125 0.1388888888888889
2 0.1734375 0.525 0.0265625 0.10277777777777777
0 0.183984375 0.4152777777777778 0.01796875 0.08333333333333333
0 0.2265625 0.41944444444444445 0.0203125 0.08611111111111111
0 0.25078125 0.4111111111111111 0.0234375 0.075
0 0.284375 0.42430555555555555 0.0265625 0.07916666666666666
0 0.3203125 0.4909722222222222 0.0234375 0.09305555555555556
0 0.39296875 0.45694444444444443 0.0203125 0.08055555555555556
0 0.003515625 0.4722222222222222 0.00703125 0.07777777777777778