4 0.93671875 0.9166666666666666 0.0578125 0.07777777777777778
4 0.18125 0.17291666666666666 0.225 0.1597222222222222
4 0.039453125 0.11805555555555555 0.02578125 0.041666666666666664
6 0.181640625 0.3229166666666667 0.01640625 0.0625
2 0.689453125 0.5027777777777778 0.03203125 0.1111111111111111
3 0.677734375 0.43680555555555556 0.00703125 0.0125
0 0.853125 0.7076388888888889 0.059375 0.1486111111111111
0 0.949609375 0.39444444444444443 0.03515625 0.07777777777777778
0 0.74765625 0.46458333333333335 0.0421875 0.09861111111111111
0 0.725390625 0.44375 0.03203125 0.09305555555555556
0 0.6703125 0.40555555555555556 0.0203125 0.075
0 0.638671875 0.4395833333333333 0.02421875 0.0763888888888889
0 0.61171875 0.40902777777777777 0.040625 0.07083333333333333
0 0.57265625 0.3680555555555556 0.021875 0.06666666666666667
0 0.59375 0.50625 0.0265625 0.09861111111111111
0 0.505859375 0.38263888888888886 0.02421875 0.06805555555555555
0 0.42890625 0.4083333333333333 0.021875 0.09722222222222222
0 0.2609375 0.4840277777777778 0.0265625 0.09861111111111111
0 0.24296875 0.47708333333333336 0.0375 0.10416666666666667
0 0.19375 0.5930555555555556 0.028125 0.11944444444444445
0 0.148828125 0.5361111111111111 0.02578125 0.10833333333333334