5 0.284375 0.30972222222222223 0.009375 0.011111111111111112
1 0.19765625 0.2659722222222222 0.015625 0.06805555555555555
7 0.121484375 0.24027777777777778 0.13671875 0.10277777777777777
4 0.208203125 0.09652777777777778 0.21484375 0.043055555555555555
6 0.485546875 0.17569444444444443 0.00703125 0.0375
2 0.4484375 0.5395833333333333 0.025 0.1125
3 0.551171875 0.5944444444444444 0.00703125 0.019444444444444445
0 0.562890625 0.5541666666666667 0.02265625 0.12222222222222222
0 0.60078125 0.5236111111111111 0.021875 0.10833333333333334
0 0.605859375 0.5729166666666666 0.02734375 0.12083333333333333
0 0.772265625 0.37777777777777777 0.02421875 0.08611111111111111
0 0.753125 0.27569444444444446 0.0109375 0.06527777777777778
0 0.63046875 0.28194444444444444 0.015625 0.06944444444444445
0 0.606640625 0.2708333333333333 0.01328125 0.058333333333333334
0 0.596875 0.3138888888888889 0.0140625 0.07222222222222222
0 0.56328125 0.27152777777777776 0.0109375 0.06527777777777778
0 0.552734375 0.29097222222222224 0.01484375 0.06805555555555555
0 0.534375 0.3055555555555556 0.015625 0.075
0 0.510546875 0.30694444444444446 0.01640625 0.07222222222222222
0 0.463671875 0.3194444444444444 0.02265625 0.07222222222222222
0 0.495703125 0.36666666666666664 0.02265625 0.08611111111111111
0 0.432421875 0.42430555555555555 0.01796875 0.08194444444444444
0 0.479296875 0.4875 0.01796875 0.07222222222222222
0 0.42265625 0.5333333333333333 0.0234375 0.1
0 0.316015625 0.39791666666666664 0.01796875 0.09305555555555556
0 0.102734375 0.5493055555555556 0.03046875 0.10972222222222222