5 0.78203125 0.19791666666666666 0.00625 0.009722222222222222
1 0.638671875 0.13402777777777777 0.01953125 0.07083333333333333
7 0.603125 0.09513888888888888 0.153125 0.11805555555555555
3 0.48125 0.5895833333333333 0.0140625 0.02361111111111111
2 0.979296875 0.3416666666666667 0.03671875 0.11666666666666667
0 0.376953125 0.6263888888888889 0.05546875 0.125
0 0.441796875 0.5138888888888888 0.03515625 0.12777777777777777
0 0.417578125 0.4041666666666667 0.04296875 0.11666666666666667
0 0.601953125 0.42986111111111114 0.02734375 0.10138888888888889
0 0.809375 0.41180555555555554 0.040625 0.10694444444444444
0 0.640625 0.2972222222222222 0.025 0.1
0 0.9 0.29097222222222224 0.0375 0.09583333333333334
0 0.941015625 0.2777777777777778 0.03046875 0.1111111111111111
0 0.866796875 0.2125 0.02421875 0.09444444444444444
4 0.20859375 0.09652777777777778 0.2171875 0.04861111111111111