5 0.47578125 0.43333333333333335 0.0125 0.013888888888888888
3 0.5359375 0.6048611111111111 0.0125 0.020833333333333332
1 0.244921875 0.32083333333333336 0.03046875 0.10833333333333334
7 0.1859375 0.29305555555555557 0.246875 0.18333333333333332
4 0.20859375 0.09791666666666667 0.2140625 0.04583333333333333
2 0.472265625 0.6138888888888889 0.03046875 0.1638888888888889
0 0.52109375 0.5611111111111111 0.0203125 0.13055555555555556
0 0.55546875 0.5506944444444445 0.0234375 0.14583333333333334
0 0.87265625 0.58125 0.0359375 0.1625
0 0.8421875 0.4354166666666667 0.025 0.12361111111111112
0 0.824609375 0.36666666666666664 0.03203125 0.12777777777777777
0 0.748828125 0.3972222222222222 0.02578125 0.125
0 0.625 0.42569444444444443 0.028125 0.14583333333333334
0 0.58984375 0.36527777777777776 0.0265625 0.11944444444444445
0 0.501953125 0.3902777777777778 0.01953125 0.10555555555555556
0 0.4953125 0.36666666666666664 0.021875 0.1
0 0.43203125 0.4125 0.0296875 0.12222222222222222
0 0.39921875 0.40555555555555556 0.0234375 0.10277777777777777
0 0.334765625 0.425 0.01953125 0.13055555555555556
0 0.322265625 0.425 0.02421875 0.11944444444444445
0 0.3046875 0.42291666666666666 0.021875 0.1375
0 0.289453125 0.43194444444444446 0.02421875 0.12777777777777777
6 0.86484375 0.18888888888888888 0.025 0.07777777777777778