5 0.093359375 0.44375 0.01015625 0.0125
3 0.214453125 0.4638888888888889 0.01015625 0.019444444444444445
1 0.1890625 0.42986111111111114 0.015625 0.08472222222222223
6 0.33984375 0.27708333333333335 0.0125 0.04583333333333333
4 0.20859375 0.09652777777777778 0.2171875 0.043055555555555555
2 0.49765625 0.4638888888888889 0.021875 0.07222222222222222
0 0.45234375 0.5993055555555555 0.0234375 0.10416666666666667
0 0.494921875 0.5826388888888889 0.02890625 0.10694444444444444
0 0.48046875 0.5166666666666667 0.0234375 0.09166666666666666
0 0.53046875 0.45 0.0234375 0.08888888888888889
0 0.6015625 0.4041666666666667 0.0203125 0.06666666666666667
0 0.59609375 0.45 0.021875 0.08055555555555556
0 0.6484375 0.44027777777777777 0.01875 0.08055555555555556
0 0.69921875 0.5819444444444445 0.025 0.1111111111111111
0 0.898046875 0.5694444444444444 0.03046875 0.12222222222222222
0 0.765625 0.48819444444444443 0.0203125 0.09027777777777778
0 0.767578125 0.4354166666666667 0.02578125 0.07083333333333333
0 0.7265625 0.4326388888888889 0.021875 0.08194444444444444
0 0.75625 0.39375 0.0265625 0.06805555555555555
0 0.99453125 0.5041666666666667 0.0109375 0.08611111111111111