3 0.383203125 0.375 0.01015625 0.016666666666666666
4 0.207421875 0.09930555555555555 0.21640625 0.043055555555555555
0 0.186328125 0.46111111111111114 0.02578125 0.1
0 0.18828125 0.7159722222222222 0.028125 0.14027777777777778
0 0.316796875 0.4423611111111111 0.03203125 0.09583333333333334
0 0.378515625 0.33194444444444443 0.01640625 0.06666666666666667
0 0.61640625 0.28125 0.0234375 0.05416666666666667
0 0.638671875 0.3347222222222222 0.01953125 0.06111111111111111
0 0.6265625 0.4576388888888889 0.0203125 0.09027777777777778
0 0.662890625 0.3736111111111111 0.01484375 0.08055555555555556
0 0.758203125 0.3090277777777778 0.00859375 0.059722222222222225
2 0.75859375 0.3875 0.0234375 0.08055555555555556
0 0.680078125 0.6416666666666667 0.02734375 0.11944444444444445
0 0.753125 0.4888888888888889 0.0203125 0.10555555555555556
0 0.79453125 0.4875 0.0265625 0.08055555555555556
0 0.89609375 0.37222222222222223 0.0203125 0.08333333333333333
0 0.924609375 0.41180555555555554 0.01328125 0.07361111111111111
0 0.93359375 0.4215277777777778 0.0234375 0.09027777777777778
0 0.94609375 0.65 0.040625 0.12777777777777777
0 0.905078125 0.9152777777777777 0.03671875 0.16944444444444445