3 0.582421875 0.35347222222222224 0.01171875 0.018055555555555554
1 0.541015625 0.21458333333333332 0.02734375 0.05694444444444444
0 0.089453125 0.44930555555555557 0.02265625 0.10416666666666667
0 0.39921875 0.5034722222222222 0.0203125 0.10694444444444444
0 0.5453125 0.45208333333333334 0.03125 0.10416666666666667
0 0.78828125 0.6027777777777777 0.04375 0.12222222222222222
0 0.440625 0.3402777777777778 0.0359375 0.07777777777777778
0 0.321875 0.28125 0.025 0.06805555555555555
0 0.2875 0.26875 0.0203125 0.06805555555555555
0 0.156640625 0.25972222222222224 0.03359375 0.07222222222222222
0 0.104296875 0.3368055555555556 0.02265625 0.08472222222222223
4 0.208203125 0.09652777777777778 0.21484375 0.04861111111111111
7 0.601171875 0.18611111111111112 0.12890625 0.09444444444444444
5 0.44375 0.2604166666666667 0.00625 0.009722222222222222