3 0.766015625 0.38125 0.00703125 0.0125
1 0.77578125 0.33125 0.021875 0.10138888888888889
7 0.890234375 0.2951388888888889 0.21640625 0.1597222222222222
6 0.3296875 0.21041666666666667 0.0171875 0.04861111111111111
4 0.20859375 0.09791666666666667 0.215625 0.05138888888888889
0 0.134765625 0.35625 0.02265625 0.10138888888888889
0 0.275390625 0.33541666666666664 0.01640625 0.09583333333333334
0 0.33671875 0.28958333333333336 0.0171875 0.08472222222222223
0 0.282421875 0.38333333333333336 0.02421875 0.1
0 0.42421875 0.46458333333333335 0.025 0.13472222222222222
0 0.609765625 0.5298611111111111 0.03828125 0.13472222222222222
5 0.641796875 0.4048611111111111 0.01328125 0.009722222222222222