2 0.24453125 0.4201388888888889 0.0359375 0.10972222222222222
0 0.137109375 0.4270833333333333 0.02421875 0.11805555555555555
0 0.203515625 0.4486111111111111 0.03671875 0.10555555555555556
0 0.24296875 0.5395833333333333 0.0296875 0.12916666666666668
0 0.37578125 0.36875 0.025 0.07083333333333333
0 0.376171875 0.3402777777777778 0.01953125 0.07777777777777778
0 0.58984375 0.6819444444444445 0.040625 0.14444444444444443
0 0.88671875 0.5569444444444445 0.0203125 0.12777777777777777
0 0.881640625 0.5097222222222222 0.02578125 0.10833333333333334
0 0.82578125 0.45625 0.021875 0.11527777777777778
0 0.653125 0.3875 0.0234375 0.08611111111111111
0 0.63671875 0.4340277777777778 0.0203125 0.1125
0 0.5484375 0.4666666666666667 0.01875 0.11944444444444445
0 0.5109375 0.4618055555555556 0.0234375 0.10138888888888889
0 0.5140625 0.39166666666666666 0.0203125 0.08611111111111111
0 0.56875 0.38958333333333334 0.0203125 0.09027777777777778
0 0.58984375 0.3770833333333333 0.0265625 0.06805555555555555
0 0.6 0.38055555555555554 0.034375 0.08333333333333333
3 0.571875 0.4111111111111111 0.0046875 0.013888888888888888
6 0.512890625 0.32083333333333336 0.03046875 0.08888888888888889
4 0.20859375 0.09791666666666667 0.215625 0.05138888888888889