6 0.722265625 0.14166666666666666 0.01328125 0.05555555555555555
1 0.9890625 0.3145833333333333 0.021875 0.10694444444444444
3 0.42265625 0.38680555555555557 0.0078125 0.0125
2 0.0453125 0.5638888888888889 0.0453125 0.1388888888888889
0 0.1203125 0.6118055555555556 0.0390625 0.13472222222222222
0 0.508203125 0.4909722222222222 0.01953125 0.12361111111111112
0 0.53515625 0.44930555555555557 0.028125 0.11805555555555555
0 0.58203125 0.25277777777777777 0.01875 0.07777777777777778
0 0.484375 0.36319444444444443 0.0296875 0.09027777777777778
0 0.4125 0.3576388888888889 0.028125 0.09583333333333334
0 0.314453125 0.36319444444444443 0.01953125 0.09583333333333334
0 0.123828125 0.22777777777777777 0.01953125 0.07777777777777778
4 0.20859375 0.09791666666666667 0.215625 0.04583333333333333