6 0.149609375 0.2326388888888889 0.01640625 0.05138888888888889
4 0.208984375 0.09513888888888888 0.21640625 0.04583333333333333
3 0.7375 0.4131944444444444 0.00625 0.009722222222222222
0 0.755859375 0.3840277777777778 0.02265625 0.0763888888888889
0 0.991796875 0.4847222222222222 0.01640625 0.10833333333333334
0 0.722265625 0.6479166666666667 0.03203125 0.14305555555555555
0 0.6640625 0.43819444444444444 0.0234375 0.09861111111111111
0 0.670703125 0.4131944444444444 0.02265625 0.07361111111111111
0 0.6671875 0.36666666666666664 0.015625 0.06944444444444445
0 0.5421875 0.4395833333333333 0.0171875 0.08472222222222223
0 0.35390625 0.4013888888888889 0.028125 0.08611111111111111
0 0.332421875 0.3423611111111111 0.01484375 0.06805555555555555
0 0.280859375 0.3763888888888889 0.02578125 0.075
0 0.276171875 0.36875 0.02578125 0.07916666666666666
0 0.251953125 0.4173611111111111 0.02109375 0.0875
0 0.2203125 0.4131944444444444 0.0171875 0.09305555555555556
0 0.225 0.47847222222222224 0.015625 0.10138888888888889
0 0.191015625 0.5527777777777778 0.02265625 0.09722222222222222
0 0.180078125 0.4840277777777778 0.02265625 0.09861111111111111
0 0.133984375 0.43472222222222223 0.03203125 0.10555555555555556
0 0.108984375 0.39652777777777776 0.02265625 0.10138888888888889
0 0.0453125 0.45902777777777776 0.0203125 0.10972222222222222