6 0.101171875 0.13194444444444445 0.01640625 0.025
4 0.208203125 0.09513888888888888 0.21484375 0.04861111111111111
3 0.6015625 0.4201388888888889 0.0109375 0.020833333333333332
2 0.36875 0.49583333333333335 0.0328125 0.1527777777777778
0 0.0125 0.44027777777777777 0.025 0.1361111111111111
0 0.19140625 0.3013888888888889 0.0296875 0.11944444444444445
0 0.3375 0.32083333333333336 0.034375 0.125
0 0.41953125 0.325 0.0296875 0.11666666666666667
0 0.45 0.3013888888888889 0.0359375 0.11388888888888889
0 0.5203125 0.2569444444444444 0.01875 0.08888888888888889
0 0.636328125 0.23125 0.03046875 0.09305555555555556
0 0.515625 0.3625 0.034375 0.09444444444444444
0 0.573828125 0.37222222222222223 0.03828125 0.11944444444444445
0 0.655859375 0.38958333333333334 0.02890625 0.09861111111111111
0 0.627734375 0.46944444444444444 0.04609375 0.14722222222222223
0 0.399609375 0.45902777777777776 0.03046875 0.13194444444444445
0 0.186328125 0.6979166666666666 0.08515625 0.17916666666666667
0 0.733984375 0.8840277777777777 0.07109375 0.20972222222222223