3 0.509375 0.35694444444444445 0.0078125 0.013888888888888888
1 0.683984375 0.3423611111111111 0.03359375 0.09027777777777778
7 0.913671875 0.2875 0.17265625 0.14166666666666666
0 0.3734375 0.3 0.021875 0.075
0 0.405078125 0.375 0.02578125 0.09166666666666666
0 0.49375 0.4527777777777778 0.0296875 0.1111111111111111
0 0.67734375 0.4965277777777778 0.0484375 0.10972222222222222
6 0.40078125 0.20555555555555555 0.025 0.06388888888888888
4 0.2078125 0.09652777777777778 0.215625 0.04027777777777778
0 0.15546875 0.38333333333333336 0.025 0.10277777777777777
0 0.182421875 0.6027777777777777 0.02578125 0.13333333333333333
0 0.259765625 0.34930555555555554 0.02421875 0.07916666666666666
0 0.541015625 0.9729166666666667 0.04296875 0.05416666666666667