6 0.905078125 0.2972222222222222 0.02109375 0.07777777777777778
2 0.596875 0.4840277777777778 0.0265625 0.10138888888888889
3 0.321484375 0.38680555555555557 0.01015625 0.015277777777777777
4 0.2078125 0.09791666666666667 0.215625 0.04861111111111111
0 0.12421875 0.5159722222222223 0.0328125 0.12361111111111112
0 0.183984375 0.58125 0.03046875 0.12083333333333333
0 0.274609375 0.43194444444444446 0.03359375 0.08611111111111111
0 0.259765625 0.3611111111111111 0.02421875 0.08055555555555556
0 0.399609375 0.3388888888888889 0.01484375 0.09166666666666666
0 0.448828125 0.34930555555555554 0.02109375 0.07361111111111111
0 0.476171875 0.4076388888888889 0.03671875 0.07916666666666666
0 0.441015625 0.6263888888888889 0.03203125 0.14444444444444443
0 0.653125 0.3763888888888889 0.025 0.08055555555555556
0 0.74375 0.46319444444444446 0.0421875 0.10694444444444444
0 0.824609375 0.4305555555555556 0.02734375 0.10277777777777777
0 0.83359375 0.6402777777777777 0.040625 0.13333333333333333
0 0.978515625 0.5930555555555556 0.04296875 0.14166666666666666
0 0.67890625 0.9555555555555556 0.046875 0.08888888888888889