6 0.203125 0.24791666666666667 0.0203125 0.06805555555555555
4 0.207421875 0.09652777777777778 0.21640625 0.043055555555555555
3 0.605859375 0.3875 0.00703125 0.011111111111111112
0 0.88984375 0.35347222222222224 0.0234375 0.10138888888888889
0 0.789453125 0.6930555555555555 0.03046875 0.15833333333333333
0 0.680078125 0.4354166666666667 0.01953125 0.11805555555555555
0 0.625390625 0.38333333333333336 0.02109375 0.10277777777777777
0 0.57109375 0.3451388888888889 0.0390625 0.06527777777777778
0 0.50234375 0.3541666666666667 0.021875 0.08333333333333333
0 0.488671875 0.39305555555555555 0.03984375 0.09722222222222222
0 0.4671875 0.33055555555555555 0.0203125 0.08055555555555556
0 0.421484375 0.43125 0.02578125 0.1125
0 0.084375 0.38055555555555554 0.0265625 0.09166666666666666
0 0.057421875 0.47638888888888886 0.02734375 0.125
0 0.032421875 0.4652777777777778 0.03359375 0.12222222222222222