1 0.914453125 0.47291666666666665 0.03515625 0.10972222222222222
0 0.94609375 0.5680555555555555 0.025 0.12777777777777777
0 0.861328125 0.5777777777777777 0.03046875 0.13333333333333333
0 0.804296875 0.5569444444444445 0.03671875 0.13333333333333333
0 0.81015625 0.5291666666666667 0.0203125 0.11388888888888889
0 0.79140625 0.5388888888888889 0.0265625 0.11666666666666667
0 0.7921875 0.5013888888888889 0.0234375 0.1111111111111111
0 0.68984375 0.47291666666666665 0.025 0.10416666666666667
0 0.6359375 0.5715277777777777 0.025 0.12638888888888888
0 0.633984375 0.5256944444444445 0.02890625 0.1125
0 0.586328125 0.5125 0.03828125 0.11388888888888889
0 0.609765625 0.4465277777777778 0.02109375 0.09027777777777778
0 0.59453125 0.4395833333333333 0.0359375 0.09583333333333334
0 0.498046875 0.4201388888888889 0.02578125 0.09583333333333334
0 0.4421875 0.45555555555555555 0.0203125 0.08611111111111111
0 0.43828125 0.5333333333333333 0.028125 0.11388888888888889
0 0.427734375 0.7027777777777777 0.03828125 0.15
0 0.07890625 0.5354166666666667 0.0234375 0.1125
0 0.148046875 0.425 0.01953125 0.09166666666666666
2 0.316015625 0.4930555555555556 0.04296875 0.11666666666666667
0 0.419140625 0.40694444444444444 0.02109375 0.08333333333333333
6 0.294921875 0.34791666666666665 0.01953125 0.0763888888888889
3 0.18203125 0.3875 0.0078125 0.016666666666666666
4 0.20703125 0.09791666666666667 0.2171875 0.04583333333333333
7 0.9359375 0.4583333333333333 0.128125 0.18333333333333332