5 0.995703125 0.6208333333333333 0.00859375 0.027777777777777776
3 0.510546875 0.4 0.00703125 0.011111111111111112
6 0.691796875 0.3402777777777778 0.02421875 0.08055555555555556
2 0.369921875 0.4701388888888889 0.02734375 0.1125
0 0.012109375 0.4326388888888889 0.02421875 0.09861111111111111
0 0.26875 0.4444444444444444 0.0265625 0.1
0 0.323046875 0.40555555555555556 0.02265625 0.08333333333333333
0 0.412109375 0.42291666666666666 0.02734375 0.0875
0 0.330859375 0.5423611111111111 0.03046875 0.11527777777777778
0 0.503125 0.5743055555555555 0.0359375 0.12916666666666668
0 0.582421875 0.48194444444444445 0.03046875 0.1111111111111111
0 0.62109375 0.4076388888888889 0.015625 0.09027777777777778
0 0.694921875 0.4326388888888889 0.02109375 0.0875
0 0.740234375 0.4326388888888889 0.02890625 0.11527777777777778
0 0.772265625 0.5368055555555555 0.03359375 0.10694444444444444
0 0.740625 0.7291666666666666 0.0484375 0.15833333333333333
0 0.946875 0.4888888888888889 0.0265625 0.13055555555555556
0 0.479296875 0.37430555555555556 0.03984375 0.06805555555555555
0 0.50703125 0.36736111111111114 0.0265625 0.07916666666666666
4 0.20859375 0.09722222222222222 0.2171875 0.05