5 0.674609375 0.33819444444444446 0.01015625 0.015277777777777777
7 0.883984375 0.24097222222222223 0.18203125 0.1375
6 0.418359375 0.16805555555555557 0.01484375 0.058333333333333334
3 0.43828125 0.4270833333333333 0.0140625 0.015277777777777777
1 0.516796875 0.37222222222222223 0.03515625 0.1
0 0.48671875 0.5131944444444444 0.0390625 0.12361111111111112
0 0.893359375 0.9131944444444444 0.05234375 0.1736111111111111
0 0.073828125 0.8833333333333333 0.06640625 0.2
0 0.188671875 0.5326388888888889 0.04765625 0.12083333333333333
0 0.262890625 0.30833333333333335 0.01796875 0.08333333333333333
0 0.347265625 0.3701388888888889 0.02421875 0.09027777777777778
4 0.2078125 0.09791666666666667 0.215625 0.04861111111111111