1 0.9890625 0.4326388888888889 0.021875 0.10694444444444444
7 0.975 0.39444444444444443 0.05 0.14166666666666666
6 0.48515625 0.3173611111111111 0.0265625 0.0625
3 0.223828125 0.42430555555555555 0.01015625 0.0125
1 0.389453125 0.4375 0.02109375 0.08888888888888889
0 0.1890625 0.40208333333333335 0.0125 0.0763888888888889
0 0.2125 0.39166666666666666 0.015625 0.08333333333333333
0 0.07109375 0.5916666666666667 0.025 0.11944444444444445
0 0.34375 0.47291666666666665 0.01875 0.09861111111111111
0 0.45078125 0.5659722222222222 0.0203125 0.10972222222222222
0 0.4953125 0.4388888888888889 0.021875 0.08333333333333333
0 0.47578125 0.40694444444444444 0.0171875 0.075
0 0.6734375 0.49722222222222223 0.0171875 0.1
0 0.710546875 0.5569444444444445 0.01953125 0.11666666666666667
0 0.741796875 0.5284722222222222 0.01796875 0.10138888888888889
0 0.80546875 0.5402777777777777 0.021875 0.1111111111111111
0 0.891015625 0.5583333333333333 0.03203125 0.1
0 0.889453125 0.5479166666666667 0.01484375 0.1125
0 0.84453125 0.5138888888888888 0.021875 0.11944444444444445
0 0.8078125 0.5083333333333333 0.015625 0.09722222222222222
0 0.777734375 0.49027777777777776 0.01640625 0.1
0 0.7515625 0.48541666666666666 0.0171875 0.0875
0 0.727734375 0.4722222222222222 0.01015625 0.1
0 0.70390625 0.49444444444444446 0.0171875 0.08888888888888889
0 0.69140625 0.4673611111111111 0.0140625 0.09027777777777778
4 0.20859375 0.09513888888888888 0.215625 0.04583333333333333