0 0.10234375 0.28541666666666665 0.0328125 0.09305555555555556
0 0.39375 0.3680555555555556 0.0265625 0.125
0 0.46953125 0.6201388888888889 0.04375 0.16527777777777777
3 0.44140625 0.6569444444444444 0.0140625 0.019444444444444445
0 0.56015625 0.5125 0.0421875 0.12222222222222222
0 0.7015625 0.43819444444444444 0.028125 0.12083333333333333
0 0.72109375 0.4479166666666667 0.0296875 0.13194444444444445
0 0.533984375 0.3388888888888889 0.02109375 0.08888888888888889
0 0.466796875 0.24375 0.01953125 0.09861111111111111
0 0.394140625 0.2763888888888889 0.02578125 0.09444444444444444
0 0.321484375 0.20833333333333334 0.02265625 0.10277777777777777
0 0.2390625 0.16805555555555557 0.0265625 0.1
0 0.116015625 0.17777777777777778 0.02109375 0.09166666666666666
0 0.102734375 0.1486111111111111 0.01484375 0.08888888888888889
4 0.206640625 0.09305555555555556 0.21171875 0.044444444444444446
1 0.509765625 0.1284722222222222 0.02109375 0.08472222222222223
7 0.573828125 0.09513888888888888 0.17734375 0.13472222222222222
6 0.047265625 0.02638888888888889 0.01796875 0.05277777777777778