4 0.9390625 0.9180555555555555 0.0578125 0.09166666666666666
4 0.18125 0.11736111111111111 0.2234375 0.04583333333333333
4 0.040625 0.11597222222222223 0.0234375 0.0375
3 0.19140625 0.6625 0.009375 0.016666666666666666
0 0.175 0.6208333333333333 0.0234375 0.09444444444444444
0 0.240625 0.5944444444444444 0.0234375 0.09444444444444444
5 0.683203125 0.3951388888888889 0.00859375 0.009722222222222222
1 0.530859375 0.3375 0.02109375 0.05555555555555555
7 0.5203125 0.31180555555555556 0.1265625 0.10972222222222222
0 0.629296875 0.4270833333333333 0.01953125 0.08194444444444444
0 0.573046875 0.5506944444444445 0.03671875 0.0875
0 0.566015625 0.6847222222222222 0.02578125 0.10833333333333334
0 0.642578125 0.60625 0.01953125 0.09861111111111111
2 0.753515625 0.5784722222222223 0.02734375 0.09027777777777778
0 0.79453125 0.5104166666666666 0.0328125 0.09027777777777778
0 0.75078125 0.4131944444444444 0.0234375 0.08472222222222223
0 0.770703125 0.3840277777777778 0.01484375 0.07361111111111111
0 0.8765625 0.3680555555555556 0.015625 0.06388888888888888
0 0.90703125 0.3888888888888889 0.0171875 0.05555555555555555
0 0.905859375 0.4340277777777778 0.03046875 0.07083333333333333
0 0.987109375 0.42430555555555555 0.02578125 0.07361111111111111
0 0.97421875 0.33055555555555555 0.025 0.06944444444444445
0 0.941015625 0.33541666666666664 0.02109375 0.059722222222222225
6 0.867578125 0.2298611111111111 0.02109375 0.04861111111111111
0 0.99375 0.6145833333333334 0.0125 0.09305555555555556