4 0.935546875 0.9138888888888889 0.06171875 0.08055555555555556
4 0.18125 0.11805555555555555 0.2234375 0.044444444444444446
4 0.03984375 0.11805555555555555 0.0234375 0.03611111111111111
5 0.876953125 0.49444444444444446 0.01015625 0.011111111111111112
3 0.48515625 0.4951388888888889 0.00625 0.015277777777777777
1 0.47109375 0.5097222222222222 0.040625 0.125
7 0.58125 0.3423611111111111 0.225 0.19305555555555556
2 0.751171875 0.7402777777777778 0.05234375 0.16111111111111112
0 0.89921875 0.43819444444444444 0.028125 0.12916666666666668
0 0.7109375 0.5840277777777778 0.0359375 0.13194444444444445
0 0.652734375 0.7034722222222223 0.03203125 0.14305555555555555
0 0.52734375 0.6645833333333333 0.0421875 0.16527777777777777
0 0.808984375 0.9826388888888888 0.04296875 0.034722222222222224
0 0.21328125 0.6 0.0390625 0.12777777777777777
0 0.108984375 0.5222222222222223 0.03984375 0.13055555555555556