6 0.913671875 0.5631944444444444 0.02734375 0.06805555555555555
4 0.9375 0.9159722222222222 0.0546875 0.0763888888888889
4 0.18046875 0.11736111111111111 0.2265625 0.043055555555555555
4 0.040625 0.11736111111111111 0.0265625 0.034722222222222224
6 0.0640625 0.35208333333333336 0.0171875 0.04027777777777778
2 0.1046875 0.4423611111111111 0.0125 0.04583333333333333
5 0.235546875 0.4909722222222222 0.00546875 0.006944444444444444
1 0.35703125 0.4326388888888889 0.0140625 0.0625
7 0.38671875 0.40902777777777777 0.1140625 0.09305555555555556
3 0.808203125 0.5631944444444444 0.00703125 0.009722222222222222
0 0.801171875 0.5326388888888889 0.02109375 0.0625
0 0.378515625 0.44166666666666665 0.01328125 0.06111111111111111
0 0.310546875 0.4409722222222222 0.01015625 0.05694444444444444
0 0.30703125 0.4722222222222222 0.0125 0.06111111111111111
0 0.280859375 0.42777777777777776 0.01328125 0.044444444444444446
0 0.280078125 0.4479166666666667 0.01171875 0.05416666666666667
0 0.250390625 0.44166666666666665 0.01640625 0.05555555555555555
0 0.2484375 0.5215277777777778 0.015625 0.059722222222222225
0 0.196484375 0.5541666666666667 0.02109375 0.07777777777777778
0 0.21796875 0.4423611111111111 0.0125 0.05416666666666667
0 0.219921875 0.4597222222222222 0.01328125 0.05
0 0.209375 0.46875 0.0109375 0.06805555555555555
0 0.188671875 0.4708333333333333 0.01953125 0.06388888888888888
0 0.178125 0.49236111111111114 0.0140625 0.06805555555555555
0 0.15859375 0.4722222222222222 0.0125 0.06666666666666667
0 0.13984375 0.44722222222222224 0.0140625 0.06111111111111111
0 0.10625 0.5180555555555556 0.01875 0.07777777777777778
0 0.108984375 0.4895833333333333 0.01640625 0.07083333333333333