4 0.936328125 0.9173611111111111 0.05703125 0.07916666666666666
4 0.1828125 0.11736111111111111 0.225 0.043055555555555555
4 0.041796875 0.11597222222222223 0.02421875 0.03194444444444444
6 0.215625 0.33402777777777776 0.0171875 0.0375
1 0.028125 0.4236111111111111 0.0109375 0.058333333333333334
0 0.360546875 0.3784722222222222 0.00703125 0.03194444444444444
0 0.33671875 0.3819444444444444 0.015625 0.05555555555555555
0 0.199609375 0.45625 0.01171875 0.05694444444444444
5 0.0515625 0.5006944444444444 0.0046875 0.006944444444444444
0 0.1296875 0.7138888888888889 0.0296875 0.11388888888888889
0 0.34765625 0.5472222222222223 0.01875 0.06666666666666667
0 0.456640625 0.48333333333333334 0.01953125 0.06111111111111111
0 0.53515625 0.4465277777777778 0.015625 0.04861111111111111
3 0.6 0.4340277777777778 0.00625 0.009722222222222222
0 0.612890625 0.4152777777777778 0.01796875 0.05
0 0.6453125 0.4270833333333333 0.0171875 0.043055555555555555
0 0.537890625 0.3798611111111111 0.01171875 0.043055555555555555
0 0.521484375 0.36041666666666666 0.01328125 0.04861111111111111
2 0.72734375 0.4840277777777778 0.015625 0.06805555555555555
0 0.891015625 0.38958333333333334 0.01328125 0.04861111111111111
0 0.965625 0.4875 0.021875 0.06666666666666667
0 0.973828125 0.5805555555555556 0.01640625 0.08611111111111111
0 0.994921875 0.5472222222222223 0.01015625 0.08055555555555556
0 0.970703125 0.7770833333333333 0.02734375 0.10694444444444444
0 0.941015625 0.9743055555555555 0.03046875 0.05138888888888889
0 0.614453125 0.7402777777777778 0.02890625 0.09444444444444444