4 0.9359375 0.9180555555555555 0.0515625 0.08333333333333333
5 0.44921875 0.5215277777777778 0.0078125 0.006944444444444444
1 0.291796875 0.43333333333333335 0.01953125 0.06388888888888888
7 0.2109375 0.4125 0.1828125 0.16111111111111112
4 0.18359375 0.11736111111111111 0.225 0.04027777777777778
4 0.042578125 0.11666666666666667 0.02578125 0.030555555555555555
6 0.68515625 0.29375 0.021875 0.059722222222222225
0 0.776171875 0.44375 0.02421875 0.0875
0 0.680859375 0.5152777777777777 0.02265625 0.10555555555555556
0 0.64765625 0.5958333333333333 0.021875 0.10833333333333334
0 0.59765625 0.5791666666666667 0.0125 0.10277777777777777
2 0.572265625 0.5722222222222222 0.02421875 0.1111111111111111
0 0.534765625 0.4840277777777778 0.02421875 0.09027777777777778
0 0.525390625 0.38472222222222224 0.01484375 0.08055555555555556
0 0.543359375 0.3597222222222222 0.02421875 0.06944444444444445
0 0.46796875 0.4236111111111111 0.0234375 0.06388888888888888
0 0.4453125 0.4201388888888889 0.025 0.05694444444444444
0 0.448828125 0.47638888888888886 0.02890625 0.07222222222222222
0 0.430078125 0.43125 0.02890625 0.07361111111111111
0 0.3515625 0.49236111111111114 0.025 0.10138888888888889
0 0.54453125 0.7847222222222222 0.0375 0.13333333333333333
0 0.29296875 0.5923611111111111 0.034375 0.11805555555555555
0 0.073828125 0.7847222222222222 0.03515625 0.11944444444444445