4 0.937109375 0.9152777777777777 0.05703125 0.08611111111111111
4 0.181640625 0.11666666666666667 0.22578125 0.044444444444444446
4 0.040625 0.11736111111111111 0.025 0.034722222222222224
5 0.59765625 0.35625 0.0078125 0.009722222222222222
1 0.3828125 0.35138888888888886 0.0171875 0.07222222222222222
7 0.428125 0.2722222222222222 0.125 0.11944444444444445
6 0.784375 0.18958333333333333 0.0171875 0.04861111111111111
2 0.7640625 0.5895833333333333 0.04375 0.11527777777777778
0 0.828125 0.5291666666666667 0.025 0.10555555555555556
0 0.853515625 0.5006944444444444 0.01953125 0.09027777777777778
0 0.9359375 0.37916666666666665 0.021875 0.07222222222222222
0 0.8671875 0.34930555555555554 0.021875 0.07361111111111111
0 0.705859375 0.40347222222222223 0.02421875 0.07916666666666666
0 0.62734375 0.4576388888888889 0.025 0.07916666666666666
0 0.58203125 0.44583333333333336 0.021875 0.06666666666666667
0 0.447265625 0.5805555555555556 0.01953125 0.08888888888888889
0 0.40234375 0.7520833333333333 0.0265625 0.12083333333333333
0 0.3328125 0.8597222222222223 0.04375 0.13333333333333333
3 0.32421875 0.9145833333333333 0.0109375 0.015277777777777777
0 0.341015625 0.675 0.03671875 0.07777777777777778
0 0.266796875 0.6395833333333333 0.03046875 0.1125
0 0.619921875 0.6368055555555555 0.03515625 0.10694444444444444