4 0.937890625 0.9180555555555555 0.05546875 0.07777777777777778
4 0.180859375 0.11736111111111111 0.22421875 0.04583333333333333
4 0.041796875 0.11875 0.02421875 0.034722222222222224
6 0.20703125 0.2520833333333333 0.0140625 0.04027777777777778
1 0.509375 0.3590277777777778 0.01875 0.0625
5 0.38828125 0.41180555555555554 0.0078125 0.009722222222222222
7 0.5546875 0.3229166666666667 0.125 0.10972222222222222
0 0.880078125 0.7270833333333333 0.03671875 0.12638888888888888
0 0.761328125 0.6243055555555556 0.02421875 0.09861111111111111
0 0.649609375 0.5729166666666666 0.02421875 0.09583333333333334
0 0.64296875 0.5951388888888889 0.0234375 0.09583333333333334
0 0.532421875 0.7576388888888889 0.02734375 0.12361111111111112
0 0.54765625 0.5236111111111111 0.021875 0.08333333333333333
0 0.434375 0.46458333333333335 0.0234375 0.07916666666666666
0 0.50625 0.6430555555555556 0.03125 0.09166666666666666
3 0.440625 0.6305555555555555 0.00625 0.013888888888888888
0 0.4390625 0.6208333333333333 0.03125 0.10833333333333334
0 0.339453125 0.5027777777777778 0.01953125 0.08055555555555556
2 0.2765625 0.6020833333333333 0.0265625 0.1125
0 0.3234375 0.40625 0.0171875 0.06527777777777778
0 0.2890625 0.40902777777777777 0.0234375 0.0763888888888889
0 0.28984375 0.3875 0.015625 0.06944444444444445
0 0.27890625 0.39305555555555555 0.0171875 0.08055555555555556
0 0.188671875 0.5 0.02890625 0.08333333333333333
0 0.1359375 0.45069444444444445 0.015625 0.07361111111111111
0 0.21171875 0.7388888888888889 0.0359375 0.12222222222222222
0 0.080859375 0.9618055555555556 0.04296875 0.0763888888888889