4 0.935546875 0.9159722222222222 0.05859375 0.0875
4 0.18203125 0.11875 0.2265625 0.04583333333333333
4 0.041796875 0.11597222222222223 0.02421875 0.03194444444444444
5 0.646484375 0.3902777777777778 0.00546875 0.008333333333333333
1 0.730078125 0.35 0.01484375 0.058333333333333334
7 0.7875 0.3236111111111111 0.1109375 0.1
6 0.51015625 0.2548611111111111 0.0140625 0.034722222222222224
3 0.716015625 0.6770833333333334 0.00703125 0.015277777777777777
0 0.706640625 0.6576388888888889 0.02265625 0.07916666666666666
0 0.701953125 0.5944444444444444 0.02890625 0.07222222222222222
0 0.62265625 0.47847222222222224 0.0234375 0.0763888888888889
0 0.565625 0.7881944444444444 0.0390625 0.12638888888888888
0 0.431640625 0.5569444444444445 0.01953125 0.075
0 0.351953125 0.54375 0.03359375 0.0763888888888889
0 0.277734375 0.4861111111111111 0.01953125 0.07222222222222222
2 0.2328125 0.43333333333333335 0.0234375 0.07222222222222222
0 0.162109375 0.5486111111111112 0.02890625 0.08055555555555556
0 0.44609375 0.37777777777777777 0.0234375 0.05277777777777778
0 0.382421875 0.35347222222222224 0.01640625 0.05138888888888889
0 0.348828125 0.37083333333333335 0.02109375 0.05
0 0.321875 0.3368055555555556 0.0171875 0.04861111111111111
0 0.187890625 0.3798611111111111 0.02109375 0.05416666666666667
0 0.175 0.4263888888888889 0.021875 0.05277777777777778
0 0.14453125 0.3875 0.015625 0.05555555555555555
0 0.075390625 0.43819444444444444 0.03046875 0.07083333333333333