4 0.9390625 0.9208333333333333 0.059375 0.08333333333333333
4 0.18203125 0.11944444444444445 0.225 0.04722222222222222
4 0.04140625 0.11805555555555555 0.0234375 0.03333333333333333
6 0.256640625 0.23402777777777778 0.01953125 0.043055555555555555
3 0.154296875 0.3902777777777778 0.00703125 0.013888888888888888
5 0.082421875 0.4125 0.00703125 0.008333333333333333
1 0.133203125 0.36180555555555555 0.01484375 0.07361111111111111
0 0.27734375 0.8368055555555556 0.053125 0.1486111111111111
0 0.336328125 0.43680555555555556 0.03515625 0.06805555555555555
0 0.342578125 0.49375 0.02890625 0.08472222222222223
0 0.4109375 0.35138888888888886 0.0140625 0.05277777777777778
0 0.452734375 0.3368055555555556 0.02421875 0.0625
0 0.593359375 0.6361111111111111 0.02890625 0.09444444444444444
0 0.703125 0.4479166666666667 0.028125 0.0763888888888889
0 0.69375 0.425 0.0203125 0.07777777777777778
0 0.752734375 0.34097222222222223 0.01015625 0.05138888888888889
0 0.7046875 0.2777777777777778 0.0171875 0.04722222222222222
0 0.96484375 0.3909722222222222 0.01875 0.0763888888888889
0 0.963671875 0.44513888888888886 0.01640625 0.0763888888888889
2 0.990625 0.46597222222222223 0.01875 0.09305555555555556
0 0.951171875 0.6923611111111111 0.02734375 0.1125