4 0.937890625 0.9166666666666666 0.05859375 0.07222222222222222
5 0.87890625 0.4965277777777778 0.0125 0.006944444444444444
7 0.609765625 0.3548611111111111 0.20546875 0.17083333333333334
0 0.303125 0.5819444444444445 0.025 0.1
0 0.298828125 0.4909722222222222 0.03515625 0.10972222222222222
1 0.288671875 0.49722222222222223 0.03984375 0.07222222222222222
0 0.551953125 0.8548611111111111 0.03828125 0.14027777777777778
2 0.73984375 0.6930555555555555 0.0421875 0.15
0 0.89921875 0.6305555555555555 0.05 0.12777777777777777
0 0.7140625 0.6423611111111112 0.0390625 0.12361111111111112
0 0.641796875 0.5729166666666666 0.03046875 0.12916666666666668
0 0.81484375 0.5222222222222223 0.0375 0.10833333333333334
0 0.852734375 0.4409722222222222 0.02109375 0.1125
0 0.979296875 0.8756944444444444 0.04140625 0.15694444444444444
4 0.1828125 0.11875 0.225 0.043055555555555555
4 0.039453125 0.11597222222222223 0.02265625 0.0375