5 0.82109375 0.5277777777777778 0.0125 0.011111111111111112
3 0.287890625 0.6534722222222222 0.00859375 0.018055555555555554
4 0.040625 0.11527777777777778 0.0203125 0.03333333333333333
4 0.18203125 0.11805555555555555 0.2234375 0.044444444444444446
4 0.935546875 0.9152777777777777 0.05546875 0.08888888888888889
1 0.57890625 0.45694444444444443 0.0265625 0.08055555555555556
2 0.684765625 0.6708333333333333 0.02890625 0.13055555555555556
7 0.579296875 0.4222222222222222 0.17578125 0.1388888888888889
0 0.27265625 0.60625 0.0234375 0.12083333333333333
0 0.355859375 0.5979166666666667 0.02890625 0.10138888888888889
0 0.4921875 0.5965277777777778 0.0328125 0.12638888888888888
0 0.5359375 0.6826388888888889 0.0453125 0.1486111111111111
0 0.633203125 0.5111111111111111 0.03515625 0.09722222222222222
0 0.675 0.5319444444444444 0.0390625 0.08333333333333333
0 0.712109375 0.53125 0.03515625 0.09305555555555556
0 0.726171875 0.4756944444444444 0.03203125 0.09027777777777778
0 0.80859375 0.4625 0.025 0.09166666666666666
0 0.8578125 0.4979166666666667 0.0421875 0.10416666666666667
0 0.978125 0.5270833333333333 0.0203125 0.09861111111111111
0 0.991796875 0.4583333333333333 0.01640625 0.09722222222222222
0 0.92734375 0.4576388888888889 0.0296875 0.07916666666666666
0 0.907421875 0.4576388888888889 0.02890625 0.09027777777777778