3 0.46328125 0.8166666666666667 0.01875 0.027777777777777776
1 0.383984375 0.4798611111111111 0.03671875 0.10972222222222222
2 0.734375 0.65 0.0375 0.13333333333333333
6 0.96953125 0.3736111111111111 0.03125 0.06666666666666667
4 0.93671875 0.9145833333333333 0.0484375 0.08194444444444444
4 0.182421875 0.11527777777777778 0.22890625 0.04722222222222222
4 0.04375 0.11458333333333333 0.021875 0.03194444444444444
7 0.395703125 0.44513888888888886 0.20390625 0.18194444444444444
0 0.5234375 0.7465277777777778 0.0421875 0.1375
5 0.664453125 0.5555555555555556 0.00859375 0.008333333333333333
0 0.859375 0.47708333333333336 0.0296875 0.10416666666666667
0 0.75 0.5388888888888889 0.0203125 0.09722222222222222
0 0.739453125 0.5 0.01953125 0.10555555555555556
0 0.6875 0.5027777777777778 0.0265625 0.1
0 0.669140625 0.5125 0.02890625 0.1
0 0.652734375 0.5555555555555556 0.02109375 0.1111111111111111
0 0.609375 0.5486111111111112 0.0234375 0.10833333333333334
0 0.60625 0.5090277777777777 0.0265625 0.10416666666666667
0 0.592578125 0.5055555555555555 0.02265625 0.1
0 0.569921875 0.5125 0.02421875 0.10833333333333334
0 0.524609375 0.5388888888888889 0.03203125 0.10277777777777777
0 0.4828125 0.5152777777777777 0.0265625 0.11944444444444445
0 0.458203125 0.59375 0.02578125 0.10138888888888889
0 0.3625 0.5486111111111112 0.028125 0.11944444444444445
0 0.280078125 0.5715277777777777 0.02265625 0.12361111111111112