4 0.937890625 0.9194444444444444 0.05546875 0.07777777777777778
4 0.04140625 0.11875 0.025 0.034722222222222224
4 0.18203125 0.11805555555555555 0.221875 0.044444444444444446
2 0.183984375 0.5833333333333334 0.02421875 0.10277777777777777
0 0.198828125 0.66875 0.02109375 0.10138888888888889
0 0.21875 0.46805555555555556 0.0234375 0.06944444444444445
0 0.14296875 0.51875 0.0234375 0.0875
0 0.092578125 0.5361111111111111 0.03828125 0.09444444444444444
0 0.089453125 0.5041666666666667 0.02578125 0.09444444444444444
0 0.49453125 0.5840277777777778 0.028125 0.10972222222222222
0 0.430078125 0.8541666666666666 0.03515625 0.16111111111111112
0 0.61640625 0.59375 0.021875 0.10972222222222222
0 0.66640625 0.4888888888888889 0.021875 0.09166666666666666
3 0.771875 0.5138888888888888 0.0078125 0.013888888888888888
1 0.815625 0.47638888888888886 0.015625 0.08055555555555556
6 0.885546875 0.40625 0.02421875 0.0625