3 0.7640625 0.4826388888888889 0.009375 0.015277777777777777
6 0.80703125 0.4409722222222222 0.015625 0.0763888888888889
2 0.7546875 0.6375 0.0421875 0.13333333333333333
4 0.93671875 0.91875 0.05625 0.08194444444444444
4 0.180859375 0.11597222222222223 0.22734375 0.05416666666666667
4 0.0421875 0.11527777777777778 0.025 0.03611111111111111
1 0.21875 0.5402777777777777 0.021875 0.14166666666666666
7 0.13203125 0.53125 0.2546875 0.2013888888888889
3 0.016015625 0.5465277777777777 0.01328125 0.018055555555555554
0 0.983984375 0.6333333333333333 0.03203125 0.16111111111111112
0 0.904296875 0.5166666666666667 0.03828125 0.10555555555555556
0 0.8 0.7381944444444445 0.046875 0.15416666666666667
0 0.651171875 0.5958333333333333 0.03984375 0.125
0 0.662890625 0.5756944444444444 0.02734375 0.1125
0 0.525 0.5743055555555555 0.03125 0.12638888888888888
0 0.482421875 0.5458333333333333 0.03671875 0.125
0 0.457421875 0.6159722222222223 0.03359375 0.12916666666666668
0 0.408984375 0.5486111111111112 0.03671875 0.11666666666666667
0 0.34140625 0.6402777777777777 0.0265625 0.1388888888888889
0 0.34921875 0.6013888888888889 0.0265625 0.11666666666666667
0 0.326171875 0.5798611111111112 0.02578125 0.10972222222222222
0 0.304296875 0.6097222222222223 0.03515625 0.14444444444444443
0 0.196484375 0.6388888888888888 0.02890625 0.14166666666666666
0 0.729296875 0.46458333333333335 0.03046875 0.05138888888888889
0 0.740234375 0.4638888888888889 0.03046875 0.06666666666666667