3 0.58984375 0.4215277777777778 0.0125 0.020833333333333332
5 0.682421875 0.5326388888888889 0.00859375 0.009722222222222222
4 0.18203125 0.11805555555555555 0.2234375 0.044444444444444446
4 0.041796875 0.11597222222222223 0.02578125 0.0375
4 0.938671875 0.9166666666666666 0.06015625 0.08333333333333333
6 0.973828125 0.36527777777777776 0.02734375 0.07222222222222222
1 0.448828125 0.46458333333333335 0.03359375 0.07361111111111111
7 0.426171875 0.41944444444444445 0.18828125 0.15833333333333333
0 0.116796875 0.6916666666666667 0.03984375 0.15555555555555556
0 0.29921875 0.6361111111111111 0.03125 0.14444444444444443
0 0.4234375 0.7152777777777778 0.0390625 0.12222222222222222
0 0.444921875 0.6576388888888889 0.03515625 0.14305555555555555
0 0.56796875 0.5805555555555556 0.034375 0.1111111111111111
0 0.556640625 0.5180555555555556 0.03515625 0.11388888888888889
0 0.606640625 0.5131944444444444 0.02890625 0.09027777777777778
0 0.6171875 0.49236111111111114 0.0359375 0.09305555555555556
0 0.640625 0.5083333333333333 0.0265625 0.1111111111111111
0 0.673828125 0.49027777777777776 0.03984375 0.09722222222222222
0 0.65078125 0.4909722222222222 0.015625 0.12083333333333333
0 0.740625 0.4625 0.0203125 0.09166666666666666
0 0.758984375 0.4618055555555556 0.03203125 0.09583333333333334
2 0.734765625 0.6798611111111111 0.03828125 0.13472222222222222
0 0.99296875 0.55625 0.0140625 0.15694444444444444