5 0.321484375 0.5590277777777778 0.00546875 0.009722222222222222
6 0.2875 0.2847222222222222 0.0171875 0.030555555555555555
1 0.18828125 0.5388888888888889 0.0125 0.05277777777777778
7 0.14296875 0.5368055555555555 0.08125 0.15138888888888888
4 0.93828125 0.9166666666666666 0.0484375 0.08055555555555556
4 0.18359375 0.15486111111111112 0.2234375 0.12083333333333333
4 0.041015625 0.11736111111111111 0.02578125 0.0375
2 0.55390625 0.6319444444444444 0.0125 0.05
0 0.695703125 0.5256944444444445 0.01328125 0.043055555555555555
0 0.620703125 0.38263888888888886 0.01015625 0.0375
0 0.572265625 0.3951388888888889 0.01015625 0.0375
3 0.61640625 0.3951388888888889 0.0046875 0.006944444444444444
0 0.52109375 0.51875 0.0140625 0.04583333333333333
0 0.58203125 0.6048611111111111 0.009375 0.05138888888888889
0 0.546875 0.6236111111111111 0.009375 0.05
0 0.46328125 0.5847222222222223 0.0171875 0.05277777777777778
0 0.48203125 0.5138888888888888 0.009375 0.044444444444444446
0 0.42734375 0.44722222222222224 0.009375 0.044444444444444446
0 0.419140625 0.44930555555555557 0.01171875 0.0375
0 0.41484375 0.5305555555555556 0.0125 0.044444444444444446
0 0.412109375 0.5465277777777777 0.01171875 0.043055555555555555
0 0.414453125 0.5708333333333333 0.01640625 0.04722222222222222
0 0.408203125 0.6055555555555555 0.01484375 0.041666666666666664
0 0.406640625 0.6472222222222223 0.01328125 0.05277777777777778
0 0.391796875 0.6270833333333333 0.00859375 0.05694444444444444
0 0.4265625 0.6277777777777778 0.0109375 0.05277777777777778
0 0.45546875 0.64375 0.015625 0.05416666666666667