5 0.325390625 0.5951388888888889 0.01171875 0.009722222222222222
6 0.462109375 0.43125 0.02734375 0.05694444444444444
2 0.2296875 0.6347222222222222 0.021875 0.14166666666666666
4 0.936328125 0.9138888888888889 0.05546875 0.08611111111111111
4 0.182421875 0.12083333333333333 0.22578125 0.04722222222222222
4 0.040625 0.11805555555555555 0.0234375 0.03611111111111111
1 0.74140625 0.5590277777777778 0.0359375 0.11527777777777778
7 0.723828125 0.5152777777777777 0.15859375 0.20555555555555555
0 0.72265625 0.6284722222222222 0.034375 0.13194444444444445
0 0.6953125 0.6180555555555556 0.034375 0.1
0 0.641796875 0.6222222222222222 0.03671875 0.06666666666666667
0 0.615625 0.5694444444444444 0.025 0.13055555555555556
0 0.584375 0.5104166666666666 0.0234375 0.10694444444444444
0 0.51953125 0.5118055555555555 0.0234375 0.09583333333333334
0 0.49609375 0.60625 0.0296875 0.12638888888888888
0 0.462109375 0.5819444444444445 0.01796875 0.13055555555555556
0 0.466015625 0.5243055555555556 0.02265625 0.09583333333333334
0 0.444921875 0.5548611111111111 0.02578125 0.10694444444444444
0 0.3125 0.5319444444444444 0.028125 0.10277777777777777
0 0.280078125 0.6368055555555555 0.03359375 0.14583333333333334
0 0.569921875 0.8138888888888889 0.04140625 0.19444444444444445
0 0.216015625 0.9118055555555555 0.08671875 0.1763888888888889
0 0.20390625 0.6395833333333333 0.034375 0.14583333333333334
0 0.23828125 0.4986111111111111 0.025 0.10555555555555556