1 0.15859375 0.4576388888888889 0.0375 0.07083333333333333
6 0.087890625 0.3701388888888889 0.02109375 0.06527777777777778
4 0.182421875 0.11666666666666667 0.22421875 0.044444444444444446
4 0.0421875 0.11944444444444445 0.025 0.041666666666666664
4 0.93671875 0.9145833333333333 0.0515625 0.08472222222222223
3 0.266015625 0.4840277777777778 0.00859375 0.0125
0 0.4296875 0.65625 0.0453125 0.12361111111111112
0 0.42109375 0.4909722222222222 0.0328125 0.07916666666666666
0 0.52890625 0.5020833333333333 0.03125 0.08472222222222223
0 0.819921875 0.6215277777777778 0.02578125 0.12916666666666668
0 0.884375 0.4215277777777778 0.0171875 0.06527777777777778
0 0.93828125 0.4597222222222222 0.034375 0.07222222222222222