5 0.399609375 0.5368055555555555 0.01171875 0.009722222222222222
1 0.159375 0.47291666666666665 0.0359375 0.0875
6 0.681640625 0.3590277777777778 0.01796875 0.0625
3 0.666015625 0.6666666666666666 0.01015625 0.016666666666666666
4 0.935546875 0.91875 0.06015625 0.0875
2 0.89453125 0.6527777777777778 0.05 0.13333333333333333
4 0.040234375 0.11805555555555555 0.02578125 0.03888888888888889
4 0.18203125 0.11736111111111111 0.2234375 0.04861111111111111
0 0.3484375 0.5881944444444445 0.0390625 0.10416666666666667
0 0.503515625 0.55 0.03359375 0.12777777777777777
0 0.67109375 0.6069444444444444 0.05 0.12222222222222222
0 0.8484375 0.63125 0.0234375 0.12361111111111112
0 0.85625 0.5215277777777778 0.0515625 0.13194444444444445
0 0.975 0.44027777777777777 0.0328125 0.1
0 0.812109375 0.5493055555555556 0.03203125 0.11805555555555555
0 0.755859375 0.46111111111111114 0.02265625 0.10277777777777777
0 0.708203125 0.4465277777777778 0.02265625 0.09861111111111111
0 0.6375 0.49236111111111114 0.028125 0.09583333333333334
0 0.6546875 0.5826388888888889 0.0328125 0.09861111111111111
0 0.617578125 0.5222222222222223 0.04609375 0.10833333333333334
0 0.5828125 0.5388888888888889 0.0328125 0.125