5 0.45625 0.5576388888888889 0.009375 0.009722222222222222
3 0.662890625 0.6118055555555556 0.01015625 0.015277777777777777
6 0.736328125 0.38472222222222224 0.02421875 0.06111111111111111
1 0.2390625 0.4875 0.034375 0.09444444444444444
4 0.1828125 0.11736111111111111 0.225 0.04583333333333333
4 0.04140625 0.11597222222222223 0.0234375 0.034722222222222224
4 0.937890625 0.9152777777777777 0.05859375 0.08333333333333333
2 0.8203125 0.5909722222222222 0.040625 0.11805555555555555
7 0.18828125 0.45694444444444443 0.2078125 0.1638888888888889
3 0.0921875 0.46458333333333335 0.0078125 0.0125
0 0.694921875 0.5590277777777778 0.05390625 0.09027777777777778
0 0.63984375 0.5729166666666666 0.046875 0.07916666666666666
0 0.65703125 0.5055555555555555 0.034375 0.09166666666666666
0 0.6265625 0.4979166666666667 0.0328125 0.09305555555555556
0 0.55078125 0.55 0.034375 0.10555555555555556
0 0.521484375 0.5361111111111111 0.03203125 0.09444444444444444
0 0.498828125 0.6111111111111112 0.03984375 0.11666666666666667
0 0.48203125 0.5729166666666666 0.034375 0.1125
0 0.396875 0.5465277777777777 0.04375 0.11527777777777778