3 0.1703125 0.5541666666666667 0.00625 0.011111111111111112
5 0.2734375 0.5048611111111111 0.00625 0.006944444444444444
1 0.105859375 0.4909722222222222 0.01640625 0.05138888888888889
7 0.094140625 0.47638888888888886 0.08515625 0.16111111111111112
6 0.265234375 0.22291666666666668 0.01953125 0.029166666666666667
4 0.936328125 0.9152777777777777 0.05859375 0.09166666666666666
4 0.03984375 0.11944444444444445 0.028125 0.041666666666666664
4 0.182421875 0.11597222222222223 0.22265625 0.043055555555555555
0 0.937890625 0.5534722222222223 0.01484375 0.04861111111111111
0 0.91484375 0.6986111111111111 0.025 0.05555555555555555
0 0.89453125 0.6465277777777778 0.025 0.05138888888888889
0 0.85 0.5416666666666666 0.0203125 0.04722222222222222
0 0.7828125 0.3715277777777778 0.0171875 0.04027777777777778