3 0.605078125 0.7597222222222222 0.01640625 0.022222222222222223
5 0.339453125 0.5076388888888889 0.00703125 0.009722222222222222
6 0.04765625 0.31527777777777777 0.0265625 0.06944444444444445
4 0.183984375 0.11736111111111111 0.23046875 0.04583333333333333
4 0.040625 0.11805555555555555 0.0203125 0.03611111111111111
4 0.9359375 0.9159722222222222 0.0546875 0.08194444444444444
1 0.56171875 0.43819444444444444 0.034375 0.08472222222222223
3 0.59375 0.38958333333333334 0.009375 0.0125
7 0.630859375 0.3909722222222222 0.21171875 0.17916666666666667
0 0.727734375 0.6819444444444445 0.06953125 0.125
0 0.637109375 0.7 0.06953125 0.15
0 0.511328125 0.6180555555555556 0.03984375 0.11666666666666667
0 0.526171875 0.5958333333333333 0.03515625 0.125
0 0.559765625 0.5236111111111111 0.03828125 0.10833333333333334
0 0.41953125 0.4548611111111111 0.0265625 0.10138888888888889
0 0.350390625 0.5152777777777777 0.02578125 0.11666666666666667
0 0.3640625 0.43680555555555556 0.021875 0.1125
0 0.334765625 0.45555555555555555 0.03203125 0.1111111111111111
0 0.212109375 0.4395833333333333 0.03046875 0.1125
0 0.244140625 0.4270833333333333 0.01484375 0.10416666666666667
0 0.253125 0.41944444444444445 0.01875 0.08888888888888889
0 0.1125 0.3993055555555556 0.03125 0.10416666666666667
0 0.02265625 0.5493055555555556 0.0453125 0.12361111111111112