5 0.25078125 0.46041666666666664 0.0078125 0.009722222222222222
6 0.3421875 0.3506944444444444 0.0109375 0.04027777777777778
1 0.444140625 0.425 0.02578125 0.075
0 0.4609375 0.4756944444444444 0.0234375 0.08194444444444444
7 0.506640625 0.4048611111111111 0.10390625 0.12638888888888888
3 0.784765625 0.8305555555555556 0.01484375 0.027777777777777776
4 0.937109375 0.91875 0.05390625 0.07916666666666666
4 0.18203125 0.11805555555555555 0.2234375 0.04722222222222222
4 0.0421875 0.11805555555555555 0.028125 0.03611111111111111
2 0.086328125 0.5256944444444445 0.02109375 0.09305555555555556
0 0.053125 0.9083333333333333 0.0546875 0.18333333333333332
0 0.296875 0.7659722222222223 0.0703125 0.19583333333333333
0 0.800390625 0.7763888888888889 0.04921875 0.15555555555555556
0 0.797265625 0.7409722222222223 0.04609375 0.14583333333333334
0 0.084375 0.41180555555555554 0.0234375 0.07916666666666666
0 0.130078125 0.42777777777777776 0.02421875 0.07777777777777778
0 0.1859375 0.42291666666666666 0.0203125 0.0763888888888889
0 0.180078125 0.3840277777777778 0.02109375 0.0625
0 0.28046875 0.40625 0.0125 0.05694444444444444
0 0.285546875 0.4166666666666667 0.01640625 0.06666666666666667
0 0.290234375 0.4625 0.02265625 0.08611111111111111
0 0.308203125 0.4597222222222222 0.02109375 0.08055555555555556
0 0.378515625 0.44027777777777777 0.01640625 0.06666666666666667