3 0.3984375 0.7 0.0125 0.022222222222222223
4 0.1828125 0.11597222222222223 0.225 0.043055555555555555
4 0.040234375 0.11597222222222223 0.02421875 0.043055555555555555
4 0.935546875 0.91875 0.05703125 0.08472222222222223
2 0.778125 0.5534722222222223 0.040625 0.11805555555555555
6 0.7265625 0.28541666666666665 0.0171875 0.05694444444444444
1 0.325 0.3736111111111111 0.0265625 0.08611111111111111
5 0.49609375 0.4340277777777778 0.009375 0.009722222222222222
7 0.2828125 0.34444444444444444 0.165625 0.13055555555555556
0 0.185546875 0.8055555555555556 0.06171875 0.18055555555555555
0 0.21171875 0.6243055555555556 0.0328125 0.13472222222222222
0 0.4328125 0.6472222222222223 0.046875 0.13333333333333333
0 0.504296875 0.6173611111111111 0.03671875 0.11527777777777778
0 0.454296875 0.5048611111111111 0.03828125 0.10972222222222222
0 0.561328125 0.4465277777777778 0.02265625 0.09583333333333334
0 0.592578125 0.44583333333333336 0.03046875 0.10833333333333334
0 0.666015625 0.425 0.02890625 0.08888888888888889
0 0.667578125 0.5020833333333333 0.04296875 0.09583333333333334
0 0.826953125 0.38472222222222224 0.03046875 0.09166666666666666
0 0.8953125 0.45625 0.034375 0.1125
0 0.942578125 0.5819444444444445 0.05703125 0.14166666666666666
0 0.88203125 0.59375 0.0421875 0.13472222222222222
0 0.8671875 0.7041666666666667 0.0453125 0.1527777777777778
0 0.99609375 0.44722222222222224 0.0078125 0.09722222222222222