5 0.49453125 0.4722222222222222 0.009375 0.008333333333333333
4 0.041015625 0.11736111111111111 0.02421875 0.0375
4 0.18359375 0.11597222222222223 0.2234375 0.04583333333333333
4 0.937109375 0.9152777777777777 0.05546875 0.07777777777777778
3 0.69375 0.6652777777777777 0.0109375 0.019444444444444445
1 0.693359375 0.4236111111111111 0.04765625 0.08055555555555556
7 0.71640625 0.3854166666666667 0.1703125 0.13194444444444445
0 0.681640625 0.6263888888888889 0.02265625 0.11944444444444445
0 0.703125 0.5854166666666667 0.0328125 0.11805555555555555
0 0.60234375 0.49930555555555556 0.0234375 0.09861111111111111
0 0.451953125 0.5576388888888889 0.02578125 0.10416666666666667
0 0.4453125 0.45902777777777776 0.021875 0.09583333333333334
0 0.401171875 0.44027777777777777 0.02890625 0.08611111111111111
2 0.34609375 0.5923611111111111 0.021875 0.12361111111111112
0 0.336328125 0.4583333333333333 0.02109375 0.06666666666666667
0 0.342578125 0.43194444444444446 0.02265625 0.08888888888888889
6 0.282421875 0.32569444444444445 0.02109375 0.05694444444444444
0 0.2203125 0.5340277777777778 0.0375 0.11527777777777778
0 0.133984375 0.4965277777777778 0.02890625 0.10416666666666667
0 0.127734375 0.4152777777777778 0.02265625 0.09166666666666666
0 0.009765625 0.48819444444444443 0.01953125 0.09305555555555556