5 0.14609375 0.5395833333333333 0.0125 0.0125
2 0.31171875 0.5833333333333334 0.0203125 0.12777777777777777
1 0.5375 0.46041666666666664 0.0546875 0.10694444444444444
4 0.1828125 0.11666666666666667 0.225 0.044444444444444446
4 0.041015625 0.11666666666666667 0.02578125 0.03888888888888889
4 0.9375 0.91875 0.05625 0.08194444444444444
0 0.9765625 0.7868055555555555 0.046875 0.20694444444444443
0 0.920703125 0.6625 0.03984375 0.16666666666666666
3 0.437109375 0.4041666666666667 0.00859375 0.019444444444444445
0 0.680859375 0.5138888888888888 0.03203125 0.13333333333333333
0 0.61640625 0.525 0.0546875 0.06388888888888888
0 0.587890625 0.5118055555555555 0.03046875 0.09305555555555556
3 0.593359375 0.4409722222222222 0.00859375 0.015277777777777777
0 0.463671875 0.4652777777777778 0.02265625 0.11666666666666667
0 0.441796875 0.5180555555555556 0.03515625 0.11388888888888889
0 0.387109375 0.4986111111111111 0.02734375 0.11388888888888889
0 0.384765625 0.5798611111111112 0.03359375 0.14027777777777778
0 0.336328125 0.59375 0.03203125 0.1486111111111111
0 0.2578125 0.46319444444444446 0.021875 0.12083333333333333
0 0.255859375 0.4270833333333333 0.01640625 0.12361111111111112
0 0.226171875 0.4618055555555556 0.04765625 0.1125
0 0.2171875 0.43333333333333335 0.0265625 0.11388888888888889
0 0.07265625 0.4777777777777778 0.0234375 0.12777777777777777
0 0.333984375 0.75 0.05546875 0.18888888888888888
7 0.470703125 0.40902777777777777 0.23984375 0.2125