5 0.728125 0.40347222222222223 0.0078125 0.0125
4 0.181640625 0.11805555555555555 0.22578125 0.044444444444444446
4 0.041796875 0.11666666666666667 0.02421875 0.03611111111111111
4 0.937109375 0.9166666666666666 0.05390625 0.08611111111111111
1 0.8671875 0.35694444444444445 0.0203125 0.08333333333333333
7 0.933984375 0.3194444444444444 0.13203125 0.14444444444444443
6 0.520703125 0.25555555555555554 0.01796875 0.05277777777777778
3 0.161328125 0.8201388888888889 0.01484375 0.029166666666666667
2 0.32734375 0.41597222222222224 0.0359375 0.08472222222222223
0 0.269140625 0.33611111111111114 0.03203125 0.07777777777777778
0 0.46640625 0.39861111111111114 0.028125 0.075
0 0.487109375 0.38125 0.01953125 0.08194444444444444
0 0.515234375 0.3451388888888889 0.03359375 0.07083333333333333
0 0.580859375 0.3611111111111111 0.02734375 0.08333333333333333
0 0.60703125 0.3763888888888889 0.0234375 0.08055555555555556
0 0.623046875 0.3902777777777778 0.02578125 0.08611111111111111
0 0.6515625 0.3888888888888889 0.028125 0.07777777777777778
0 0.7296875 0.5277777777777778 0.040625 0.1111111111111111
0 0.803125 0.5388888888888889 0.040625 0.10555555555555556
0 0.858203125 0.4847222222222222 0.03515625 0.11944444444444445
0 0.82890625 0.6736111111111112 0.0296875 0.14166666666666666
0 0.81015625 0.7277777777777777 0.0328125 0.15555555555555556
0 0.591015625 0.45694444444444443 0.03828125 0.10277777777777777
0 0.503125 0.5763888888888888 0.0296875 0.11944444444444445
0 0.45 0.5652777777777778 0.040625 0.10833333333333334
0 0.3515625 0.6840277777777778 0.0625 0.1486111111111111
0 0.1203125 0.7798611111111111 0.0640625 0.1763888888888889