3 0.3875 0.7645833333333333 0.0140625 0.02638888888888889
0 0.309375 0.7236111111111111 0.0453125 0.15
4 0.04140625 0.11736111111111111 0.0234375 0.04583333333333333
4 0.18203125 0.11597222222222223 0.2265625 0.04583333333333333
4 0.937890625 0.9145833333333333 0.05546875 0.08194444444444444
6 0.9703125 0.31527777777777777 0.028125 0.06388888888888888
1 0.487890625 0.4 0.03046875 0.08611111111111111
7 0.467578125 0.3715277777777778 0.17890625 0.14027777777777778
0 0.362890625 0.575 0.04140625 0.11944444444444445
0 0.479296875 0.5027777777777778 0.01640625 0.10833333333333334
0 0.494140625 0.5104166666666666 0.01796875 0.11527777777777778
2 0.76484375 0.5819444444444445 0.025 0.11944444444444445
0 0.886328125 0.5777777777777777 0.03046875 0.13055555555555556
0 0.894140625 0.41388888888888886 0.02421875 0.09166666666666666
0 0.812890625 0.42430555555555555 0.01796875 0.0875
0 0.81640625 0.4097222222222222 0.028125 0.075
0 0.7140625 0.42777777777777776 0.025 0.08611111111111111
0 0.702734375 0.43680555555555556 0.02421875 0.09305555555555556
0 0.685546875 0.44583333333333336 0.02109375 0.08333333333333333
0 0.658203125 0.4722222222222222 0.02890625 0.09722222222222222
0 0.648046875 0.43333333333333335 0.02578125 0.08333333333333333
0 0.660546875 0.4201388888888889 0.01796875 0.0875
0 0.673046875 0.41944444444444445 0.01328125 0.08611111111111111
0 0.684765625 0.4152777777777778 0.01953125 0.08333333333333333