5 0.7203125 0.45069444444444445 0.009375 0.0125
1 0.83203125 0.38333333333333336 0.015625 0.07777777777777778
7 0.919140625 0.36041666666666666 0.16171875 0.14305555555555555
2 0.347265625 0.45069444444444445 0.01953125 0.09027777777777778
6 0.4625 0.28194444444444444 0.0140625 0.05
3 0.0859375 0.48194444444444445 0.009375 0.013888888888888888
4 0.209765625 0.09791666666666667 0.20859375 0.04583333333333333
0 0.050390625 0.3576388888888889 0.01953125 0.07361111111111111
0 0.068359375 0.4423611111111111 0.03359375 0.09861111111111111
0 0.28671875 0.38055555555555554 0.0140625 0.08611111111111111
0 0.3515625 0.3590277777777778 0.0203125 0.08472222222222223
0 0.419140625 0.38055555555555554 0.01796875 0.09166666666666666
0 0.48125 0.4076388888888889 0.0234375 0.07916666666666666
0 0.55546875 0.41597222222222224 0.0234375 0.08472222222222223
0 0.54921875 0.43333333333333335 0.028125 0.08333333333333333
0 0.68984375 0.46597222222222223 0.01875 0.09583333333333334
0 0.86796875 0.5680555555555555 0.0234375 0.12777777777777777
0 0.890234375 0.59375 0.03359375 0.11527777777777778
0 0.50390625 0.5118055555555555 0.0234375 0.10694444444444444
0 0.473828125 0.5194444444444445 0.02421875 0.10555555555555556
0 0.251953125 0.6180555555555556 0.03359375 0.13055555555555556
0 0.2828125 0.48333333333333334 0.0234375 0.10555555555555556