5 0.6796875 0.3625 0.009375 0.008333333333333333
6 0.943359375 0.20625 0.03046875 0.05416666666666667
4 0.211328125 0.09513888888888888 0.21015625 0.04583333333333333
2 0.523046875 0.46875 0.02265625 0.10416666666666667
1 0.51953125 0.31319444444444444 0.0265625 0.07916666666666666
0 0.183203125 0.47638888888888886 0.02734375 0.125
0 0.299609375 0.48194444444444445 0.02421875 0.10555555555555556
0 0.397265625 0.3798611111111111 0.01796875 0.08472222222222223
0 0.541015625 0.37222222222222223 0.02109375 0.08611111111111111
0 0.556640625 0.40069444444444446 0.03046875 0.08194444444444444
0 0.659765625 0.3277777777777778 0.01328125 0.07222222222222222
0 0.748046875 0.39305555555555555 0.01953125 0.08333333333333333
0 0.771875 0.34930555555555554 0.01875 0.0763888888888889
0 0.87265625 0.4083333333333333 0.0203125 0.10277777777777777
0 0.85859375 0.3236111111111111 0.01875 0.07222222222222222
7 0.50234375 0.2673611111111111 0.15625 0.12083333333333333