5 0.5390625 0.48194444444444445 0.0078125 0.016666666666666666
3 0.563671875 0.5513888888888889 0.01171875 0.016666666666666666
1 0.7140625 0.40069444444444446 0.0203125 0.08194444444444444
2 0.09296875 0.43125 0.040625 0.09027777777777778
6 0.240234375 0.3 0.01640625 0.05555555555555555
4 0.208984375 0.09513888888888888 0.20859375 0.043055555555555555
0 0.805859375 0.6263888888888889 0.03203125 0.1361111111111111
0 0.7265625 0.5041666666666667 0.034375 0.08611111111111111
0 0.630859375 0.47291666666666665 0.02578125 0.09027777777777778
0 0.596875 0.4479166666666667 0.0234375 0.10416666666666667
0 0.45703125 0.41180555555555554 0.01875 0.07083333333333333
0 0.435546875 0.4388888888888889 0.02890625 0.09444444444444444
0 0.310546875 0.41597222222222224 0.03984375 0.08472222222222223
0 0.396484375 0.6236111111111111 0.05546875 0.11388888888888889
0 0.2265625 0.6611111111111111 0.0671875 0.11666666666666667
0 0.26015625 0.40347222222222223 0.0171875 0.09027777777777778
0 0.217578125 0.39861111111111114 0.03671875 0.08055555555555556
0 0.0734375 0.48333333333333334 0.03125 0.09444444444444444
0 0.00703125 0.3875 0.0140625 0.08611111111111111
7 0.765234375 0.3736111111111111 0.19453125 0.14444444444444443