5 0.1640625 0.5493055555555556 0.0109375 0.0125
1 0.002734375 0.45902777777777776 0.00546875 0.10694444444444444
7 0.002734375 0.41180555555555554 0.00546875 0.14305555555555555
6 0.486328125 0.3368055555555556 0.02265625 0.059722222222222225
3 0.653515625 0.47430555555555554 0.01171875 0.015277777777777777
2 0.470703125 0.5326388888888889 0.02109375 0.10694444444444444
0 0.7234375 0.4048611111111111 0.015625 0.0763888888888889
0 0.677734375 0.46458333333333335 0.02890625 0.07361111111111111
0 0.634765625 0.45694444444444443 0.02578125 0.07777777777777778
0 0.6109375 0.45069444444444445 0.021875 0.07083333333333333
0 0.584765625 0.5194444444444445 0.02734375 0.10555555555555556
0 0.56171875 0.5104166666666666 0.021875 0.09861111111111111
0 0.53046875 0.45416666666666666 0.0203125 0.09166666666666666
0 0.463671875 0.48125 0.02265625 0.09305555555555556
0 0.42578125 0.43194444444444446 0.0171875 0.08055555555555556
0 0.4140625 0.41805555555555557 0.0203125 0.07777777777777778
0 0.30625 0.42569444444444443 0.0265625 0.07916666666666666
0 0.2375 0.49722222222222223 0.01875 0.09722222222222222
0 0.280859375 0.6930555555555555 0.03984375 0.1527777777777778
0 0.156640625 0.5236111111111111 0.01640625 0.08888888888888889
0 0.14921875 0.5166666666666667 0.0234375 0.09722222222222222
0 0.0640625 0.4861111111111111 0.025 0.1
4 0.21015625 0.1 0.2140625 0.04722222222222222