5 0.423828125 0.5958333333333333 0.01484375 0.019444444444444445
1 0.68671875 0.4486111111111111 0.0296875 0.12777777777777777
0 0.858203125 0.51875 0.03359375 0.14305555555555555
0 0.8984375 0.5125 0.0515625 0.15555555555555556
0 0.640234375 0.44583333333333336 0.03203125 0.13333333333333333
0 0.6171875 0.4652777777777778 0.0328125 0.14722222222222223
0 0.598046875 0.45 0.02890625 0.12777777777777777
0 0.609375 0.43472222222222223 0.03125 0.1388888888888889
0 0.55625 0.4486111111111111 0.03125 0.15555555555555556
0 0.525 0.49236111111111114 0.053125 0.13472222222222222
0 0.505859375 0.43333333333333335 0.03046875 0.11666666666666667
0 0.4984375 0.41875 0.05 0.12361111111111112
0 0.397265625 0.3972222222222222 0.02421875 0.1388888888888889
0 0.307421875 0.42291666666666666 0.03203125 0.12083333333333333
0 0.140625 0.5083333333333333 0.034375 0.16111111111111112
2 0.0078125 0.475 0.015625 0.17222222222222222
0 0.634375 0.7229166666666667 0.040625 0.23194444444444445
4 0.20859375 0.09791666666666667 0.2140625 0.043055555555555555
7 0.82734375 0.3972222222222222 0.3453125 0.25833333333333336