5 0.40625 0.49583333333333335 0.0125 0.016666666666666666
1 0.71171875 0.41458333333333336 0.025 0.10416666666666667
2 0.254296875 0.36666666666666664 0.02421875 0.10555555555555556
4 0.20859375 0.09861111111111111 0.2171875 0.04722222222222222
6 0.539453125 0.2076388888888889 0.01953125 0.06527777777777778
0 0.794140625 0.44375 0.03515625 0.10416666666666667
0 0.816796875 0.44305555555555554 0.03203125 0.11666666666666667
0 0.65859375 0.3715277777777778 0.0171875 0.10138888888888889
0 0.65625 0.3541666666666667 0.0203125 0.11388888888888889
0 0.665625 0.35 0.025 0.08611111111111111
0 0.630078125 0.3638888888888889 0.01796875 0.11666666666666667
0 0.608203125 0.36736111111111114 0.03046875 0.0875
0 0.602734375 0.40694444444444444 0.02734375 0.1
0 0.568359375 0.39444444444444443 0.01796875 0.09166666666666666
0 0.566796875 0.35555555555555557 0.02421875 0.10833333333333334
0 0.571484375 0.3326388888888889 0.01640625 0.10138888888888889
0 0.431640625 0.2513888888888889 0.02109375 0.08333333333333333
0 0.404296875 0.37222222222222223 0.03046875 0.09444444444444444
0 0.212890625 0.40208333333333335 0.03046875 0.0875
0 0.179296875 0.4083333333333333 0.03203125 0.11666666666666667
0 0.074609375 0.6472222222222223 0.03515625 0.16666666666666666
7 0.841015625 0.3923611111111111 0.18203125 0.2375