5 0.4375 0.39375 0.0078125 0.009722222222222222
1 0.36953125 0.36944444444444446 0.0140625 0.05555555555555555
2 0.834765625 0.5409722222222222 0.02578125 0.09027777777777778
3 0.157421875 0.6763888888888889 0.00703125 0.016666666666666666
0 0.1203125 0.6631944444444444 0.0265625 0.10138888888888889
0 0.171875 0.7027777777777777 0.0359375 0.1
0 0.1703125 0.44513888888888886 0.025 0.0625
0 0.290234375 0.4444444444444444 0.00859375 0.06388888888888888
0 0.5421875 0.37777777777777777 0.0109375 0.04722222222222222
0 0.670703125 0.38819444444444445 0.01171875 0.05416666666666667
0 0.7625 0.3770833333333333 0.0109375 0.05694444444444444
0 0.866796875 0.44375 0.01328125 0.05416666666666667
0 0.96953125 0.48055555555555557 0.0140625 0.06666666666666667
0 0.65234375 0.5201388888888889 0.01875 0.08472222222222223
0 0.630859375 0.4909722222222222 0.01953125 0.06805555555555555
0 0.485546875 0.5659722222222222 0.01953125 0.08472222222222223
0 0.51328125 0.6243055555555556 0.0296875 0.0875
6 0.590234375 0.2965277777777778 0.01484375 0.0375
7 0.32421875 0.34097222222222223 0.0984375 0.08472222222222223
4 0.20703125 0.09722222222222222 0.215625 0.044444444444444446