5 0.246484375 0.33541666666666664 0.00859375 0.009722222222222222
3 0.452734375 0.3993055555555556 0.01015625 0.015277777777777777
1 0.203125 0.3104166666666667 0.015625 0.06527777777777778
7 0.09609375 0.2701388888888889 0.1296875 0.10694444444444444
4 0.20859375 0.09722222222222222 0.215625 0.044444444444444446
6 0.43046875 0.20902777777777778 0.015625 0.0375
0 0.796484375 0.28958333333333336 0.01015625 0.059722222222222225
0 0.815625 0.3159722222222222 0.0171875 0.05694444444444444
0 0.579296875 0.5458333333333333 0.04609375 0.09444444444444444
0 0.415234375 0.6076388888888888 0.04140625 0.10972222222222222
0 0.453125 0.36041666666666666 0.028125 0.07361111111111111
0 0.36171875 0.5319444444444444 0.04375 0.12222222222222222
0 0.423046875 0.8076388888888889 0.05078125 0.1763888888888889
0 0.067578125 0.7298611111111111 0.03046875 0.1486111111111111