3 0.589453125 0.3458333333333333 0.01015625 0.016666666666666666
5 0.39765625 0.4173611111111111 0.0109375 0.0125
0 0.76640625 0.49444444444444446 0.040625 0.125
0 0.62421875 0.4326388888888889 0.028125 0.14027777777777778
0 0.496875 0.3861111111111111 0.034375 0.12777777777777777
1 0.601953125 0.35138888888888886 0.04140625 0.08888888888888889
0 0.45 0.3729166666666667 0.0421875 0.13194444444444445
0 0.37890625 0.5909722222222222 0.053125 0.18194444444444444
0 0.31171875 0.47291666666666665 0.0375 0.17083333333333334
0 0.2078125 0.4201388888888889 0.0390625 0.13472222222222222
0 0.175 0.3423611111111111 0.0453125 0.13194444444444445
0 0.0734375 0.4465277777777778 0.0578125 0.14027777777777778
0 0.0359375 0.6381944444444444 0.0515625 0.15694444444444444
0 0.140234375 0.4152777777777778 0.03046875 0.12222222222222222
0 0.114453125 0.3229166666666667 0.03671875 0.12361111111111112
4 0.20625 0.09722222222222222 0.215625 0.03611111111111111
7 0.71171875 0.25833333333333336 0.271875 0.20277777777777778