5 0.351171875 0.5756944444444444 0.01328125 0.015277777777777777
1 0.575 0.4486111111111111 0.0265625 0.1361111111111111
0 0.687890625 0.4736111111111111 0.02265625 0.1111111111111111
0 0.734765625 0.4791666666666667 0.02734375 0.125
7 0.709375 0.3993055555555556 0.309375 0.22361111111111112
0 0.487109375 0.4111111111111111 0.03828125 0.125
0 0.484375 0.44583333333333336 0.0421875 0.125
0 0.47421875 0.48541666666666666 0.0375 0.13472222222222222
0 0.43359375 0.42916666666666664 0.034375 0.11666666666666667
0 0.37421875 0.4388888888888889 0.025 0.11666666666666667
0 0.38515625 0.4097222222222222 0.0390625 0.125
0 0.439453125 0.7319444444444444 0.04609375 0.19722222222222222
0 0.26640625 0.42986111111111114 0.0375 0.11527777777777778
0 0.25859375 0.4027777777777778 0.0328125 0.10555555555555556
0 0.244140625 0.40694444444444444 0.05078125 0.11388888888888889
0 0.175390625 0.4986111111111111 0.03359375 0.13055555555555556
0 0.06015625 0.5486111111111112 0.0453125 0.14722222222222223
0 0.012890625 0.5506944444444445 0.02578125 0.1736111111111111
4 0.20703125 0.09375 0.215625 0.04583333333333333