5 0.371875 0.3736111111111111 0.0078125 0.011111111111111112
1 0.457421875 0.34375 0.01484375 0.0763888888888889
3 0.830078125 0.59375 0.01015625 0.015277777777777777
0 0.827734375 0.5409722222222222 0.03828125 0.10138888888888889
0 0.583984375 0.5659722222222222 0.03671875 0.12638888888888888
0 0.599609375 0.4326388888888889 0.02578125 0.09861111111111111
0 0.26171875 0.32013888888888886 0.0140625 0.07083333333333333
0 0.1671875 0.3798611111111111 0.021875 0.07916666666666666
0 0.02109375 0.3506944444444444 0.0234375 0.07916666666666666
0 0.07421875 0.4576388888888889 0.0234375 0.10416666666666667
0 0.008984375 0.6125 0.01796875 0.13055555555555556
0 0.10703125 0.6875 0.0265625 0.15555555555555556
7 0.535546875 0.2923611111111111 0.13984375 0.10972222222222222
4 0.20859375 0.09583333333333334 0.215625 0.04722222222222222
6 0.13515625 0.23333333333333334 0.01875 0.05277777777777778