5 0.884375 0.4361111111111111 0.009375 0.011111111111111112
3 0.048046875 0.5229166666666667 0.00703125 0.020833333333333332
0 0.064453125 0.5083333333333333 0.02890625 0.1
0 0.205078125 0.4951388888888889 0.02734375 0.0875
0 0.616796875 0.5798611111111112 0.03359375 0.13472222222222222
0 0.77109375 0.5125 0.0265625 0.09722222222222222
0 0.9390625 0.5847222222222223 0.0609375 0.11944444444444445
2 0.9859375 0.5138888888888888 0.028125 0.09444444444444444
1 0.721484375 0.3638888888888889 0.01953125 0.06666666666666667
7 0.6953125 0.33611111111111114 0.1609375 0.1111111111111111
0 0.884765625 0.40347222222222223 0.02265625 0.07916666666666666
0 0.93671875 0.47638888888888886 0.0421875 0.09722222222222222
0 0.986328125 0.4 0.02734375 0.08055555555555556
4 0.209765625 0.09583333333333334 0.21484375 0.04722222222222222