5 0.333203125 0.49722222222222223 0.01171875 0.013888888888888888
2 0.665234375 0.46111111111111114 0.02890625 0.1111111111111111
6 0.67734375 0.2708333333333333 0.021875 0.06666666666666667
1 0.17890625 0.3784722222222222 0.0265625 0.0875
7 0.086328125 0.3659722222222222 0.17265625 0.1763888888888889
4 0.20703125 0.09861111111111111 0.2171875 0.041666666666666664
0 0.834375 0.3458333333333333 0.025 0.08611111111111111
0 0.8140625 0.35625 0.0296875 0.08194444444444444
0 0.778125 0.3763888888888889 0.028125 0.08333333333333333
0 0.682421875 0.39791666666666664 0.02578125 0.09861111111111111
0 0.55703125 0.37777777777777777 0.0234375 0.075
0 0.543359375 0.37569444444444444 0.02265625 0.08472222222222223
0 0.502734375 0.4701388888888889 0.02734375 0.1125
0 0.445703125 0.4284722222222222 0.01796875 0.09305555555555556
0 0.4296875 0.40347222222222223 0.021875 0.0875
0 0.403515625 0.40555555555555556 0.02734375 0.10277777777777777
0 0.2171875 0.4701388888888889 0.03125 0.09583333333333334
0 0.2078125 0.46041666666666664 0.021875 0.10138888888888889
0 0.415625 0.6236111111111111 0.034375 0.14166666666666666
0 0.018359375 0.6027777777777777 0.03671875 0.1638888888888889