5 0.5328125 0.3388888888888889 0.0078125 0.013888888888888888
1 0.433984375 0.28402777777777777 0.01953125 0.0763888888888889
7 0.360546875 0.25 0.15078125 0.11944444444444445
4 0.207421875 0.09722222222222222 0.21640625 0.03888888888888889
6 0.76796875 0.19027777777777777 0.0171875 0.05277777777777778
2 0.69375 0.4340277777777778 0.021875 0.10694444444444444
3 0.733203125 0.8729166666666667 0.01171875 0.02638888888888889
0 0.745703125 0.8256944444444444 0.03828125 0.18194444444444444
0 0.8828125 0.5854166666666667 0.0453125 0.14583333333333334
0 0.980078125 0.5895833333333333 0.03984375 0.15138888888888888
0 0.641015625 0.5520833333333334 0.03359375 0.11527777777777778
0 0.518359375 0.6423611111111112 0.04140625 0.1486111111111111
0 0.56875 0.5076388888888889 0.028125 0.12083333333333333
0 0.477734375 0.4618055555555556 0.03515625 0.09583333333333334
0 0.442578125 0.4722222222222222 0.03359375 0.09722222222222222
0 0.595703125 0.39375 0.02734375 0.09583333333333334
0 0.719921875 0.35 0.01796875 0.08611111111111111
0 0.765234375 0.3458333333333333 0.02109375 0.07222222222222222
0 0.813671875 0.37916666666666665 0.01640625 0.08888888888888889
0 0.830859375 0.32013888888888886 0.01796875 0.0763888888888889