3 0.109375 0.4673611111111111 0.0125 0.02361111111111111
1 0.102734375 0.42986111111111114 0.02265625 0.06805555555555555
5 0.173046875 0.53125 0.01015625 0.020833333333333332
0 0.123828125 0.5125 0.01796875 0.10277777777777777
0 0.33359375 0.41388888888888886 0.0171875 0.075
0 0.432421875 0.375 0.01640625 0.07222222222222222
0 0.28046875 0.6736111111111112 0.053125 0.11666666666666667
0 0.803125 0.49722222222222223 0.025 0.09166666666666666
0 0.8984375 0.48194444444444445 0.025 0.09166666666666666
0 0.898828125 0.38680555555555557 0.01640625 0.06805555555555555
0 0.96015625 0.40625 0.01875 0.07083333333333333
7 0.019140625 0.41597222222222224 0.03828125 0.12638888888888888
6 0.456640625 0.3375 0.02734375 0.05555555555555555
4 0.205859375 0.09930555555555555 0.21640625 0.04861111111111111