5 0.520703125 0.37777777777777777 0.00390625 0.011111111111111112
1 0.605859375 0.34652777777777777 0.00859375 0.05138888888888889
7 0.64921875 0.31875 0.1140625 0.0875
3 0.6046875 0.49930555555555556 0.0078125 0.018055555555555554
0 0.8046875 0.5902777777777778 0.021875 0.10555555555555556
0 0.650390625 0.5090277777777777 0.02109375 0.09305555555555556
0 0.619140625 0.5111111111111111 0.02890625 0.08888888888888889
0 0.6203125 0.7090277777777778 0.0234375 0.14305555555555555
0 0.570703125 0.4777777777777778 0.02734375 0.08333333333333333
0 0.4828125 0.39791666666666664 0.0171875 0.06805555555555555
0 0.36171875 0.6625 0.0265625 0.11388888888888889
0 0.3515625 0.7298611111111111 0.025 0.15138888888888888
0 0.356640625 0.3770833333333333 0.01171875 0.05416666666666667
6 0.34375 0.27152777777777776 0.0109375 0.034722222222222224
0 0.15 0.47291666666666665 0.0265625 0.07361111111111111
2 0.10625 0.5111111111111111 0.015625 0.08888888888888889
0 0.07890625 0.4722222222222222 0.0203125 0.08611111111111111
0 0.0859375 0.35555555555555557 0.0140625 0.05555555555555555
4 0.208203125 0.09722222222222222 0.21484375 0.044444444444444446