5 0.23046875 0.31805555555555554 0.009375 0.013888888888888888
1 0.13515625 0.2916666666666667 0.0140625 0.058333333333333334
3 0.18984375 0.38680555555555557 0.009375 0.015277777777777777
7 0.06640625 0.24027777777777778 0.1328125 0.10833333333333334
4 0.208984375 0.09583333333333334 0.21640625 0.044444444444444446
6 0.437109375 0.17777777777777778 0.00703125 0.044444444444444446
0 0.893359375 0.32013888888888886 0.02265625 0.0763888888888889
0 0.8 0.36527777777777776 0.0171875 0.08055555555555556
0 0.855859375 0.5243055555555556 0.03515625 0.11527777777777778
0 0.884765625 0.6826388888888889 0.03828125 0.1486111111111111
0 0.568359375 0.7243055555555555 0.05078125 0.15416666666666667
0 0.159375 0.7756944444444445 0.0671875 0.17083333333333334
0 0.298828125 0.42569444444444443 0.02578125 0.11527777777777778
0 0.233984375 0.4479166666666667 0.03203125 0.09305555555555556