5 0.6234375 0.46111111111111114 0.0078125 0.013888888888888888
1 0.71953125 0.41875 0.0125 0.05416666666666667
7 0.772265625 0.3958333333333333 0.12578125 0.09722222222222222
2 0.330078125 0.45069444444444445 0.01484375 0.0625
6 0.43203125 0.3402777777777778 0.0125 0.03333333333333333
3 0.233984375 0.6284722222222222 0.01328125 0.018055555555555554
0 0.2234375 0.5909722222222222 0.0453125 0.09305555555555556
0 0.2640625 0.54375 0.0171875 0.0763888888888889
0 0.54453125 0.83125 0.025 0.15416666666666667
0 0.64140625 0.6368055555555555 0.028125 0.09583333333333334
0 0.846875 0.6 0.0234375 0.09444444444444444
0 0.682421875 0.5361111111111111 0.01796875 0.06388888888888888
0 0.63984375 0.5368055555555555 0.0234375 0.08194444444444444
0 0.5703125 0.4840277777777778 0.021875 0.059722222222222225
0 0.481640625 0.47638888888888886 0.01328125 0.06666666666666667
0 0.471875 0.46805555555555556 0.0140625 0.07222222222222222
0 0.38984375 0.4395833333333333 0.0140625 0.0625
0 0.353125 0.4284722222222222 0.015625 0.05694444444444444
0 0.319140625 0.4097222222222222 0.01171875 0.05
0 0.230078125 0.3784722222222222 0.01796875 0.043055555555555555
0 0.205859375 0.49027777777777776 0.01328125 0.07222222222222222
0 0.1859375 0.47847222222222224 0.0125 0.0763888888888889
0 0.166796875 0.41597222222222224 0.01640625 0.05694444444444444
0 0.1296875 0.4222222222222222 0.015625 0.05277777777777778
4 0.20859375 0.09583333333333334 0.2140625 0.04722222222222222