5 0.99765625 0.4847222222222222 0.0046875 0.013888888888888888
6 0.6703125 0.27291666666666664 0.0109375 0.0625
4 0.20859375 0.09652777777777778 0.215625 0.043055555555555555
2 0.458984375 0.4236111111111111 0.01640625 0.09166666666666666
0 0.658203125 0.7256944444444444 0.03828125 0.15694444444444444
0 0.7875 0.45694444444444443 0.025 0.10277777777777777
0 0.856640625 0.4395833333333333 0.01953125 0.10138888888888889
0 0.67265625 0.4125 0.015625 0.09722222222222222
0 0.64140625 0.44305555555555554 0.0296875 0.09444444444444444
0 0.5796875 0.46041666666666664 0.028125 0.10694444444444444
0 0.5609375 0.3861111111111111 0.0265625 0.09166666666666666
0 0.538671875 0.38263888888888886 0.03515625 0.0875
0 0.39609375 0.48541666666666666 0.0234375 0.12083333333333333
0 0.441796875 0.5215277777777778 0.02265625 0.10972222222222222
0 0.344921875 0.74375 0.05078125 0.15694444444444444
0 0.3375 0.5173611111111112 0.028125 0.09583333333333334
0 0.308984375 0.47291666666666665 0.03671875 0.09861111111111111
0 0.3375 0.36666666666666664 0.0296875 0.07777777777777778
3 0.203125 0.22013888888888888 0.0109375 0.018055555555555554
0 0.170703125 0.49375 0.02890625 0.10972222222222222
0 0.132421875 0.5090277777777777 0.04140625 0.09583333333333334
0 0.135546875 0.44166666666666665 0.03203125 0.09722222222222222