5 0.82578125 0.5305555555555556 0.0109375 0.008333333333333333
1 0.988671875 0.42986111111111114 0.02265625 0.09583333333333334
7 0.99375 0.3909722222222222 0.0125 0.14027777777777778
3 0.11328125 0.4131944444444444 0.0078125 0.015277777777777777
4 0.208984375 0.09861111111111111 0.21328125 0.044444444444444446
6 0.483203125 0.30486111111111114 0.01640625 0.06527777777777778
0 0.06875 0.6104166666666667 0.04375 0.1375
2 0.316796875 0.4597222222222222 0.03046875 0.10833333333333334
0 0.249609375 0.3645833333333333 0.01484375 0.08194444444444444
0 0.304296875 0.37569444444444444 0.01328125 0.08472222222222223
0 0.3578125 0.40625 0.03125 0.09583333333333334
0 0.428125 0.49444444444444446 0.040625 0.09722222222222222
0 0.53359375 0.44722222222222224 0.0265625 0.08055555555555556
0 0.540625 0.5840277777777778 0.03125 0.12361111111111112
0 0.641015625 0.4576388888888889 0.02265625 0.09583333333333334
0 0.66875 0.4597222222222222 0.0234375 0.09722222222222222
0 0.70390625 0.47708333333333336 0.034375 0.09861111111111111
0 0.70859375 0.5555555555555556 0.0296875 0.10277777777777777
0 0.8515625 0.5194444444444445 0.0296875 0.11666666666666667