5 0.1984375 0.4597222222222222 0.0109375 0.022222222222222223
1 0.028125 0.34375 0.01875 0.10694444444444444
7 0.011328125 0.3034722222222222 0.02265625 0.15416666666666667
4 0.2078125 0.09583333333333334 0.21875 0.04722222222222222
6 0.559375 0.22083333333333333 0.028125 0.075
2 0.745703125 0.4465277777777778 0.03359375 0.10972222222222222
3 0.891796875 0.3472222222222222 0.01171875 0.013888888888888888
0 0.89765625 0.3111111111111111 0.0265625 0.06944444444444445
0 0.802734375 0.35 0.05859375 0.03333333333333333
0 0.803125 0.36736111111111114 0.0609375 0.020833333333333332
0 0.721484375 0.275 0.03359375 0.07222222222222222
0 0.728515625 0.3576388888888889 0.02890625 0.0875
0 0.68984375 0.35138888888888886 0.015625 0.10555555555555556
0 0.64296875 0.31875 0.03125 0.09027777777777778
0 0.551953125 0.3819444444444444 0.03515625 0.1
0 0.5921875 0.4756944444444444 0.040625 0.11527777777777778
0 0.4765625 0.54375 0.0515625 0.12083333333333333
0 0.49375 0.3375 0.0203125 0.10833333333333334
0 0.315234375 0.3958333333333333 0.02578125 0.1111111111111111
0 0.28515625 0.4027777777777778 0.0203125 0.12777777777777777
0 0.212109375 0.4409722222222222 0.02109375 0.12083333333333333
0 0.184765625 0.4826388888888889 0.03828125 0.12916666666666668