5 0.40390625 0.2763888888888889 0.009375 0.016666666666666666
1 0.50546875 0.22916666666666666 0.0171875 0.06666666666666667
3 0.701171875 0.7284722222222222 0.01171875 0.02361111111111111
7 0.56328125 0.19444444444444445 0.1375 0.10277777777777777
0 0.72265625 0.6722222222222223 0.0359375 0.18333333333333332
0 0.62265625 0.5930555555555556 0.04375 0.12222222222222222
0 0.23828125 0.7402777777777778 0.0828125 0.15555555555555556
0 0.247265625 0.5548611111111111 0.05546875 0.12638888888888888
0 0.29609375 0.4 0.01875 0.09166666666666666
0 0.368359375 0.4201388888888889 0.02421875 0.10694444444444444
0 0.430859375 0.3590277777777778 0.02109375 0.10416666666666667
0 0.212109375 0.29444444444444445 0.01953125 0.075
0 0.1390625 0.33402777777777776 0.0234375 0.07916666666666666
0 0.14375 0.2833333333333333 0.028125 0.06388888888888888
0 0.06171875 0.25972222222222224 0.028125 0.06944444444444445
0 0.013671875 0.24305555555555555 0.02734375 0.08055555555555556
4 0.2078125 0.1 0.2140625 0.05
6 0.176953125 0.1451388888888889 0.01953125 0.0375