3 0.917578125 0.6402777777777777 0.01171875 0.019444444444444445
5 0.468359375 0.39791666666666664 0.00546875 0.006944444444444444
1 0.640234375 0.3680555555555556 0.01328125 0.04722222222222222
7 0.58671875 0.33958333333333335 0.1 0.07916666666666666
0 0.946875 0.6055555555555555 0.0328125 0.08333333333333333
0 0.88046875 0.4395833333333333 0.0140625 0.05416666666666667
0 0.776171875 0.5979166666666667 0.03046875 0.07916666666666666
0 0.72421875 0.44305555555555554 0.0140625 0.06666666666666667
0 0.45546875 0.46458333333333335 0.015625 0.06805555555555555
0 0.439453125 0.41944444444444445 0.01484375 0.05555555555555555
0 0.4546875 0.37777777777777777 0.009375 0.05
0 0.379296875 0.35138888888888886 0.00859375 0.044444444444444446
6 0.308984375 0.3013888888888889 0.00703125 0.03333333333333333
2 0.102734375 0.5083333333333333 0.02265625 0.07777777777777778
0 0.0421875 0.4847222222222222 0.015625 0.07777777777777778
0 0.067578125 0.47638888888888886 0.01796875 0.06388888888888888
0 0.11171875 0.5916666666666667 0.025 0.08333333333333333
0 0.164453125 0.7194444444444444 0.03828125 0.13055555555555556
0 0.266796875 0.8506944444444444 0.03515625 0.13194444444444445
4 0.208203125 0.09791666666666667 0.21328125 0.05138888888888889