3 0.268359375 0.5506944444444445 0.01328125 0.018055555555555554
5 0.8265625 0.4527777777777778 0.009375 0.011111111111111112
1 0.971484375 0.38263888888888886 0.02109375 0.0875
7 0.980859375 0.34305555555555556 0.03828125 0.11388888888888889
6 0.5515625 0.2722222222222222 0.01875 0.058333333333333334
4 0.209765625 0.09444444444444444 0.21484375 0.044444444444444446
0 0.090625 0.5222222222222223 0.0375 0.1111111111111111
0 0.27109375 0.4048611111111111 0.015625 0.0875
0 0.3375 0.40069444444444446 0.015625 0.0763888888888889
2 0.380859375 0.4125 0.02421875 0.08888888888888889
0 0.40078125 0.4847222222222222 0.034375 0.10555555555555556
0 0.443359375 0.475 0.02421875 0.08333333333333333
0 0.481640625 0.5145833333333333 0.03359375 0.09583333333333334
0 0.316796875 0.6784722222222223 0.04609375 0.14027777777777778
0 0.60546875 0.5986111111111111 0.021875 0.12777777777777777
0 0.76796875 0.46319444444444446 0.021875 0.10972222222222222
0 0.63046875 0.4284722222222222 0.0234375 0.09305555555555556
0 0.605859375 0.40625 0.01484375 0.0875
0 0.484765625 0.3784722222222222 0.01015625 0.07916666666666666
0 0.466796875 0.37430555555555556 0.01953125 0.08472222222222223