3 0.837890625 0.38263888888888886 0.00390625 0.006944444444444444
2 0.837109375 0.35833333333333334 0.01171875 0.06388888888888888
0 0.851953125 0.3597222222222222 0.00859375 0.06111111111111111
0 0.8453125 0.35138888888888886 0.0109375 0.06388888888888888
0 0.714453125 0.41388888888888886 0.01328125 0.07222222222222222
0 0.69296875 0.36944444444444446 0.015625 0.07222222222222222
6 0.595703125 0.32083333333333336 0.01640625 0.06388888888888888
1 0.191015625 0.4222222222222222 0.02265625 0.08055555555555556
7 0.124609375 0.40347222222222223 0.18671875 0.15138888888888888
3 0.230859375 0.37430555555555556 0.00546875 0.009722222222222222
0 0.275 0.48055555555555557 0.015625 0.08611111111111111
0 0.301171875 0.49583333333333335 0.02109375 0.09444444444444444
0 0.305078125 0.4722222222222222 0.01171875 0.08333333333333333
0 0.311328125 0.4666666666666667 0.01640625 0.09722222222222222
0 0.335546875 0.49236111111111114 0.01640625 0.08472222222222223
0 0.3328125 0.4638888888888889 0.0140625 0.09166666666666666
0 0.362890625 0.49027777777777776 0.01796875 0.09444444444444444
0 0.39765625 0.48541666666666666 0.01875 0.08472222222222223
0 0.40546875 0.4375 0.015625 0.08055555555555556
0 0.383984375 0.4354166666666667 0.01953125 0.06527777777777778
0 0.375390625 0.4652777777777778 0.01484375 0.075
0 0.35234375 0.45208333333333334 0.015625 0.08194444444444444
0 0.3484375 0.4409722222222222 0.015625 0.08194444444444444
0 0.59375 0.5020833333333333 0.01875 0.05694444444444444
0 0.609375 0.54375 0.0328125 0.10138888888888889