5 0.6359375 0.45 0.0046875 0.008333333333333333
1 0.476171875 0.3958333333333333 0.01640625 0.06111111111111111
7 0.455859375 0.36736111111111114 0.14296875 0.11805555555555555
2 0.66796875 0.5583333333333333 0.0203125 0.09722222222222222
6 0.840234375 0.30833333333333335 0.01640625 0.05277777777777778
0 0.731640625 0.43333333333333335 0.01796875 0.06666666666666667
0 0.712109375 0.42569444444444443 0.02421875 0.06805555555555555
0 0.648046875 0.44513888888888886 0.02578125 0.06805555555555555
0 0.624609375 0.4847222222222222 0.02578125 0.06944444444444445
0 0.544921875 0.4826388888888889 0.02421875 0.08194444444444444
0 0.444921875 0.5576388888888889 0.02421875 0.08194444444444444
0 0.4953125 0.5777777777777777 0.021875 0.09444444444444444
3 0.504296875 0.6020833333333333 0.01171875 0.018055555555555554
0 0.50859375 0.5805555555555556 0.0234375 0.08888888888888889
0 0.55078125 0.5673611111111111 0.025 0.09027777777777778
0 0.43984375 0.6645833333333333 0.0296875 0.10972222222222222
0 0.637109375 0.6368055555555555 0.03046875 0.10138888888888889
0 0.830859375 0.5868055555555556 0.02265625 0.09861111111111111
0 0.869140625 0.5125 0.03671875 0.08333333333333333
0 0.89296875 0.40555555555555556 0.0234375 0.075
0 0.973828125 0.3729166666666667 0.01796875 0.06527777777777778
0 0.0546875 0.6625 0.034375 0.10277777777777777