3 0.628515625 0.3347222222222222 0.00546875 0.008333333333333333
1 0.474609375 0.30694444444444446 0.02578125 0.058333333333333334
3 0.15625 0.4625 0.0109375 0.016666666666666666
0 0.146875 0.44722222222222224 0.01875 0.075
0 0.183203125 0.5423611111111111 0.03203125 0.07361111111111111
0 0.21484375 0.4513888888888889 0.028125 0.07222222222222222
0 0.22890625 0.5361111111111111 0.0265625 0.08611111111111111
6 0.802734375 0.21041666666666667 0.01328125 0.04583333333333333
7 0.471484375 0.2625 0.11796875 0.1
2 0.655859375 0.53125 0.03359375 0.09305555555555556
0 0.740625 0.6229166666666667 0.034375 0.12083333333333333
0 0.599609375 0.5333333333333333 0.02421875 0.08888888888888889
0 0.585546875 0.47847222222222224 0.02265625 0.09027777777777778
0 0.54921875 0.5784722222222223 0.04375 0.07916666666666666
0 0.66484375 0.35625 0.0265625 0.0763888888888889
0 0.6890625 0.37083333333333335 0.0203125 0.06944444444444445
0 0.951171875 0.32708333333333334 0.02265625 0.07083333333333333