5 0.58984375 0.4930555555555556 0.0109375 0.011111111111111112
1 0.697265625 0.39652777777777776 0.02265625 0.09027777777777778
7 0.84453125 0.38472222222222224 0.2109375 0.1638888888888889
0 0.692578125 0.48333333333333334 0.02421875 0.10277777777777777
0 0.6359375 0.49236111111111114 0.0265625 0.10416666666666667
0 0.54609375 0.41597222222222224 0.028125 0.0875
0 0.49296875 0.4097222222222222 0.0234375 0.09444444444444444
0 0.417578125 0.3861111111111111 0.02265625 0.09166666666666666
0 0.306640625 0.3854166666666667 0.02578125 0.08472222222222223
6 0.33125 0.2923611111111111 0.0140625 0.06805555555555555
2 0.1984375 0.4131944444444444 0.0328125 0.09305555555555556
0 0.204296875 0.33125 0.01953125 0.07361111111111111
0 0.15 0.38819444444444445 0.021875 0.08194444444444444
0 0.283203125 0.5479166666666667 0.02421875 0.12083333333333333
0 0.0734375 0.55625 0.0421875 0.12361111111111112
0 0.089453125 0.44027777777777777 0.03671875 0.1