1 0.202734375 0.43819444444444444 0.02734375 0.12638888888888888
3 0.259765625 0.3527777777777778 0.01015625 0.013888888888888888
2 0.869140625 0.31180555555555556 0.00859375 0.015277777777777777
0 0.86015625 0.2826388888888889 0.01875 0.07083333333333333
6 0.881640625 0.26875 0.01796875 0.10138888888888889
2 0.926953125 0.48194444444444445 0.02890625 0.14166666666666666
0 0.851953125 0.49375 0.03984375 0.1597222222222222
0 0.667578125 0.4375 0.02109375 0.14444444444444443
0 0.69140625 0.5638888888888889 0.040625 0.14722222222222223
0 0.76171875 0.6479166666666667 0.034375 0.1736111111111111
0 0.5921875 0.5784722222222223 0.0421875 0.15694444444444444
0 0.55546875 0.5541666666666667 0.03125 0.16111111111111112
0 0.5359375 0.5583333333333333 0.040625 0.175
0 0.480859375 0.5534722222222223 0.03671875 0.15416666666666667
0 0.466015625 0.5340277777777778 0.03359375 0.15416666666666667
0 0.402734375 0.5534722222222223 0.04609375 0.15694444444444444
0 0.36015625 0.5583333333333333 0.0375 0.15555555555555556
0 0.337109375 0.5131944444444444 0.03046875 0.15416666666666667
0 0.343359375 0.4236111111111111 0.02421875 0.13333333333333333
0 0.29375 0.4395833333333333 0.0265625 0.09861111111111111
0 0.2671875 0.45625 0.0203125 0.1125
0 0.262890625 0.4930555555555556 0.03203125 0.1361111111111111
0 0.211328125 0.5770833333333333 0.04453125 0.1486111111111111
0 0.17734375 0.4888888888888889 0.021875 0.1361111111111111
3 0.079296875 0.41805555555555557 0.00859375 0.019444444444444445
7 0.12265625 0.4076388888888889 0.2453125 0.23472222222222222