6 0.634375 0.5 0.0125 0.016666666666666666
3 0.40703125 0.44722222222222224 0.0078125 0.013888888888888888
6 0.716796875 0.27361111111111114 0.02109375 0.06111111111111111
1 0.867578125 0.44930555555555557 0.03515625 0.07916666666666666
7 0.94609375 0.4388888888888889 0.1078125 0.19722222222222222
0 0.397265625 0.3819444444444444 0.01796875 0.08055555555555556
0 0.353515625 0.4013888888888889 0.03046875 0.06111111111111111
0 0.359765625 0.43680555555555556 0.03828125 0.05694444444444444
0 0.35390625 0.4701388888888889 0.0375 0.08472222222222223
0 0.23359375 0.4326388888888889 0.0265625 0.0875
2 0.092578125 0.4423611111111111 0.03203125 0.0875
0 0.061328125 0.5263888888888889 0.04296875 0.09722222222222222
0 0.259765625 0.7256944444444444 0.04453125 0.13472222222222222
0 0.354296875 0.6104166666666667 0.02890625 0.10416666666666667