5 0.541015625 0.4826388888888889 0.01171875 0.0125
3 0.384375 0.41458333333333336 0.009375 0.015277777777777777
1 0.658203125 0.3861111111111111 0.02421875 0.08611111111111111
7 0.850390625 0.34444444444444444 0.25546875 0.2
6 0.21953125 0.23819444444444443 0.021875 0.08472222222222223
0 0.069140625 0.44375 0.04609375 0.13194444444444445
0 0.248828125 0.5486111111111112 0.04296875 0.1361111111111111
0 0.26171875 0.39791666666666664 0.028125 0.12916666666666668
0 0.337890625 0.375 0.04609375 0.09722222222222222
0 0.37421875 0.40555555555555556 0.0359375 0.1111111111111111
0 0.478125 0.42777777777777776 0.05 0.12222222222222222
0 0.609375 0.5395833333333333 0.0296875 0.13472222222222222
0 0.632421875 0.6347222222222222 0.03671875 0.16111111111111112