3 0.846875 0.3909722222222222 0.00625 0.009722222222222222
2 0.832421875 0.3645833333333333 0.01015625 0.059722222222222225
0 0.851953125 0.37569444444444444 0.01796875 0.04583333333333333
0 0.851953125 0.35694444444444445 0.01484375 0.06111111111111111
6 0.5984375 0.3284722222222222 0.0234375 0.059722222222222225
0 0.690234375 0.37430555555555556 0.01015625 0.07083333333333333
0 0.712890625 0.4173611111111111 0.01796875 0.07361111111111111
1 0.19375 0.42986111111111114 0.025 0.07916666666666666
7 0.13359375 0.4111111111111111 0.1890625 0.15
3 0.23671875 0.38125 0.00625 0.009722222222222222
0 0.616015625 0.5458333333333333 0.02109375 0.09722222222222222
0 0.59921875 0.5055555555555555 0.01875 0.058333333333333334
0 0.4234375 0.44722222222222224 0.021875 0.08611111111111111
0 0.387109375 0.4534722222222222 0.02109375 0.07916666666666666
0 0.376953125 0.44375 0.01328125 0.07361111111111111
0 0.376171875 0.4930555555555556 0.01484375 0.09166666666666666
0 0.365234375 0.5027777777777778 0.02109375 0.09444444444444444
0 0.3578125 0.4847222222222222 0.0125 0.09444444444444444
0 0.36015625 0.4708333333333333 0.0234375 0.08611111111111111
0 0.3359375 0.5083333333333333 0.021875 0.09166666666666666
0 0.33515625 0.47291666666666665 0.0171875 0.09027777777777778
0 0.31171875 0.47638888888888886 0.01875 0.09722222222222222
0 0.30390625 0.4861111111111111 0.0171875 0.08611111111111111
0 0.2953125 0.5048611111111111 0.0109375 0.09861111111111111
0 0.278125 0.49027777777777776 0.01875 0.09722222222222222