3 0.19140625 0.43333333333333335 0.009375 0.016666666666666666
6 0.124609375 0.4166666666666667 0.05703125 0.11944444444444445
0 0.19609375 0.4951388888888889 0.0421875 0.1375
0 0.396875 0.5729166666666666 0.03125 0.1375
0 0.45703125 0.5180555555555556 0.0359375 0.12222222222222222
0 0.623046875 0.3875 0.02890625 0.10555555555555556
2 0.885546875 0.4951388888888889 0.03046875 0.1375
0 0.709375 0.4097222222222222 0.0265625 0.11388888888888889
0 0.72890625 0.3909722222222222 0.025 0.10138888888888889
1 0.98671875 0.25416666666666665 0.0203125 0.08888888888888889
7 0.94140625 0.22430555555555556 0.1171875 0.14305555555555555
0 0.9796875 0.31319444444444444 0.021875 0.09861111111111111