3 0.142578125 0.47430555555555554 0.01484375 0.015277777777777777
1 0.739453125 0.3298611111111111 0.03203125 0.08194444444444444
7 0.723046875 0.28055555555555556 0.20703125 0.15555555555555556
0 0.975390625 0.34305555555555556 0.02265625 0.1
0 0.987109375 0.4638888888888889 0.02578125 0.13055555555555556
0 0.90390625 0.4513888888888889 0.03125 0.10833333333333334
0 0.927734375 0.55625 0.05390625 0.14583333333333334
0 0.886328125 0.5270833333333333 0.05390625 0.1375
0 0.806640625 0.39861111111111114 0.02265625 0.08888888888888889
0 0.54375 0.42777777777777776 0.0265625 0.10277777777777777
0 0.469921875 0.45902777777777776 0.04453125 0.10694444444444444