5 0.52578125 0.3423611111111111 0.0078125 0.006944444444444444
1 0.704296875 0.3 0.02265625 0.05555555555555555
7 0.6890625 0.275 0.13125 0.1111111111111111
0 0.819921875 0.5354166666666667 0.03203125 0.08472222222222223
0 0.793359375 0.5402777777777777 0.03515625 0.1
0 0.5375 0.6680555555555555 0.05 0.1111111111111111
0 0.540625 0.45694444444444443 0.025 0.075
0 0.42578125 0.49027777777777776 0.034375 0.08333333333333333
0 0.46640625 0.3388888888888889 0.0234375 0.07777777777777778
0 0.345703125 0.33194444444444443 0.01796875 0.06388888888888888
6 0.35703125 0.22013888888888888 0.015625 0.043055555555555555
0 0.28125 0.3145833333333333 0.0171875 0.05694444444444444
0 0.32421875 0.3951388888888889 0.0296875 0.07083333333333333
2 0.2046875 0.4826388888888889 0.0390625 0.0875
0 0.2265625 0.6854166666666667 0.0421875 0.1125
0 0.118359375 0.5791666666666667 0.03828125 0.09722222222222222
0 0.195703125 0.8548611111111111 0.04921875 0.12916666666666668
0 0.141015625 0.9201388888888888 0.10390625 0.12638888888888888