6 0.333203125 0.28541666666666665 0.03203125 0.0875
0 0.85703125 0.4361111111111111 0.04375 0.12222222222222222
0 0.63359375 0.3326388888888889 0.0171875 0.09027777777777778
0 0.669140625 0.42291666666666666 0.02578125 0.11527777777777778
2 0.584375 0.3458333333333333 0.0203125 0.10277777777777777
0 0.61484375 0.3951388888888889 0.025 0.10694444444444444
0 0.676953125 0.56875 0.03359375 0.14305555555555555
0 0.5109375 0.4284722222222222 0.0265625 0.11527777777777778
0 0.463671875 0.4201388888888889 0.03359375 0.12361111111111112
0 0.441796875 0.3472222222222222 0.02890625 0.10833333333333334
0 0.40078125 0.3972222222222222 0.025 0.11388888888888889
0 0.3890625 0.4444444444444444 0.0328125 0.11944444444444445
0 0.325390625 0.40902777777777777 0.03203125 0.12638888888888888
0 0.170703125 0.42916666666666664 0.03203125 0.12222222222222222
0 0.04765625 0.45694444444444443 0.040625 0.15833333333333333
0 0.0578125 0.5743055555555555 0.0328125 0.14583333333333334