6 0.290234375 0.2777777777777778 0.02734375 0.09722222222222222
0 0.373046875 0.35833333333333334 0.02109375 0.1111111111111111
0 0.24453125 0.42083333333333334 0.034375 0.1388888888888889
0 0.2421875 0.6236111111111111 0.065625 0.16111111111111112
0 0.54375 0.55 0.040625 0.14444444444444443
0 0.5921875 0.4597222222222222 0.0328125 0.12777777777777777
0 0.584765625 0.3576388888888889 0.02578125 0.11527777777777778
3 0.62734375 0.28402777777777777 0.0078125 0.0125
0 0.61875 0.3020833333333333 0.021875 0.10138888888888889
0 0.652734375 0.37222222222222223 0.03046875 0.12222222222222222
0 0.8859375 0.4236111111111111 0.0265625 0.12222222222222222
2 0.919140625 0.45625 0.03359375 0.14027777777777778
0 0.915234375 0.39375 0.02734375 0.10694444444444444