5 0.394140625 0.4527777777777778 0.01015625 0.013888888888888888
3 0.6296875 0.3416666666666667 0.009375 0.016666666666666666
6 0.714453125 0.21319444444444444 0.02109375 0.0763888888888889
2 0.8109375 0.35138888888888886 0.0234375 0.10277777777777777
1 0.2203125 0.3388888888888889 0.015625 0.1
7 0.103515625 0.32569444444444445 0.20703125 0.19583333333333333
3 0.221875 0.2798611111111111 0.0078125 0.0125
0 0.178515625 0.46111111111111114 0.03671875 0.11944444444444445
0 0.264453125 0.3909722222222222 0.02421875 0.11527777777777778
0 0.286328125 0.4013888888888889 0.04140625 0.1111111111111111
0 0.309765625 0.3715277777777778 0.03203125 0.11805555555555555
0 0.430859375 0.36666666666666664 0.03671875 0.10277777777777777
0 0.496875 0.37777777777777777 0.028125 0.12222222222222222
0 0.541796875 0.35347222222222224 0.03203125 0.08472222222222223
0 0.5609375 0.3236111111111111 0.0296875 0.08888888888888889
0 0.63984375 0.35 0.0265625 0.09722222222222222
0 0.638671875 0.3326388888888889 0.02421875 0.0875
0 0.650390625 0.3090277777777778 0.04453125 0.08194444444444444
0 0.670703125 0.2916666666666667 0.02265625 0.09444444444444444
0 0.916796875 0.3375 0.02734375 0.10833333333333334
0 0.864453125 0.7041666666666667 0.03984375 0.18888888888888888
0 0.49140625 0.5625 0.0296875 0.1527777777777778