5 0.56953125 0.4701388888888889 0.0078125 0.0125
6 0.872265625 0.24791666666666667 0.02578125 0.0763888888888889
1 0.391015625 0.38125 0.02890625 0.08472222222222223
3 0.418359375 0.3159722222222222 0.00703125 0.0125
7 0.301171875 0.3506944444444444 0.21796875 0.17916666666666667
2 0.7359375 0.5923611111111111 0.034375 0.14027777777777778
0 0.596484375 0.5541666666666667 0.02421875 0.13055555555555556
0 0.645703125 0.42986111111111114 0.01484375 0.12361111111111112
0 0.680078125 0.35625 0.01171875 0.06527777777777778
0 0.691015625 0.3729166666666667 0.02578125 0.08194444444444444
0 0.62265625 0.38680555555555557 0.0203125 0.0875
0 0.615234375 0.4027777777777778 0.02109375 0.09166666666666666
0 0.6046875 0.3909722222222222 0.0171875 0.10416666666666667
0 0.541796875 0.4166666666666667 0.02421875 0.10277777777777777
0 0.52265625 0.47847222222222224 0.01875 0.12361111111111112
0 0.48203125 0.4583333333333333 0.0234375 0.11944444444444445
0 0.371484375 0.5229166666666667 0.02421875 0.1125
0 0.35 0.5263888888888889 0.034375 0.11944444444444445
0 0.10703125 0.6847222222222222 0.053125 0.16666666666666666
0 0.028515625 0.7902777777777777 0.05234375 0.20277777777777778
0 0.37265625 0.7229166666666667 0.034375 0.15138888888888888
0 0.47421875 0.7 0.0421875 0.16666666666666666