5 0.377734375 0.45555555555555555 0.01015625 0.011111111111111112
1 0.22109375 0.39166666666666666 0.0234375 0.06111111111111111
6 0.591015625 0.2902777777777778 0.01328125 0.05555555555555555
7 0.165234375 0.37222222222222223 0.17578125 0.13333333333333333
0 0.5 0.475 0.0296875 0.08333333333333333
0 0.532421875 0.4986111111111111 0.03359375 0.09444444444444444
0 0.546484375 0.46944444444444444 0.02578125 0.06944444444444445
2 0.571875 0.4951388888888889 0.0078125 0.015277777777777777
0 0.56875 0.4666666666666667 0.01875 0.06388888888888888
0 0.598046875 0.4222222222222222 0.02109375 0.06944444444444445
0 0.626953125 0.42291666666666666 0.01640625 0.07361111111111111
0 0.59375 0.5159722222222223 0.0375 0.09583333333333334
0 0.79375 0.5263888888888889 0.03125 0.10277777777777777
0 0.88359375 0.4722222222222222 0.034375 0.08888888888888889
0 0.90078125 0.5638888888888889 0.040625 0.11388888888888889