5 0.462890625 0.3451388888888889 0.00546875 0.006944444444444444
1 0.39140625 0.30833333333333335 0.015625 0.05555555555555555
7 0.330859375 0.2861111111111111 0.10390625 0.09166666666666666
6 0.604296875 0.23958333333333334 0.01484375 0.0375
2 0.5890625 0.4708333333333333 0.021875 0.08055555555555556
0 0.5421875 0.46597222222222223 0.021875 0.08472222222222223
0 0.459765625 0.48125 0.02421875 0.07083333333333333
0 0.423828125 0.5243055555555556 0.03359375 0.0763888888888889
0 0.422265625 0.40694444444444444 0.01328125 0.07222222222222222
0 0.488671875 0.3923611111111111 0.01328125 0.059722222222222225
0 0.50078125 0.3715277777777778 0.015625 0.059722222222222225
0 0.574609375 0.3347222222222222 0.01796875 0.05555555555555555
0 0.634765625 0.33055555555555555 0.02109375 0.05555555555555555
0 0.67265625 0.38958333333333334 0.0203125 0.07083333333333333
0 0.698046875 0.31527777777777777 0.01171875 0.05
0 0.78046875 0.2861111111111111 0.0109375 0.03888888888888889
0 0.843359375 0.41388888888888886 0.01796875 0.06388888888888888
0 0.86484375 0.5270833333333333 0.025 0.09305555555555556
3 0.41171875 0.6930555555555555 0.0109375 0.013888888888888888
0 0.393359375 0.6541666666666667 0.04609375 0.1111111111111111
0 0.306640625 0.6236111111111111 0.03984375 0.08611111111111111
0 0.247265625 0.5645833333333333 0.03359375 0.07916666666666666
0 0.28828125 0.49583333333333335 0.0171875 0.07777777777777778