5 0.555078125 0.5597222222222222 0.00859375 0.008333333333333333
6 0.862109375 0.33402777777777776 0.02578125 0.08472222222222223
1 0.35546875 0.47430555555555554 0.05 0.05138888888888889
7 0.272265625 0.43472222222222223 0.22734375 0.18055555555555555
0 0.236328125 0.48541666666666666 0.02109375 0.07916666666666666
0 0.2765625 0.47847222222222224 0.0390625 0.07361111111111111
0 0.39453125 0.47291666666666665 0.01875 0.09861111111111111
0 0.41328125 0.45625 0.015625 0.12361111111111112
0 0.434765625 0.4548611111111111 0.01953125 0.10138888888888889
0 0.464453125 0.4895833333333333 0.02109375 0.09861111111111111
0 0.48125 0.44375 0.0203125 0.09583333333333334
0 0.506640625 0.45 0.01328125 0.08888888888888889
0 0.576171875 0.42291666666666666 0.01953125 0.08472222222222223
0 0.625390625 0.49236111111111114 0.02421875 0.09305555555555556
2 0.650390625 0.59375 0.04453125 0.11805555555555555
3 0.4 0.39861111111111114 0.0078125 0.013888888888888888
0 0.28046875 0.5548611111111111 0.0484375 0.12916666666666668
0 0.974609375 0.4041666666666667 0.02109375 0.09166666666666666
0 0.848828125 0.4395833333333333 0.01953125 0.08194444444444444
0 0.846484375 0.5097222222222222 0.03046875 0.1111111111111111
0 0.834765625 0.6138888888888889 0.05078125 0.13333333333333333