6 0.698828125 0.2611111111111111 0.02109375 0.06944444444444445
0 0.7421875 0.32083333333333336 0.01875 0.09444444444444444
0 0.79375 0.4027777777777778 0.0171875 0.1111111111111111
0 0.730078125 0.4097222222222222 0.03046875 0.10277777777777777
0 0.65078125 0.31875 0.0375 0.07916666666666666
3 0.5015625 0.2548611111111111 0.00625 0.0125
0 0.534375 0.2972222222222222 0.021875 0.08611111111111111
2 0.428515625 0.33402777777777776 0.02109375 0.08472222222222223
0 0.4484375 0.2902777777777778 0.0125 0.07777777777777778
0 0.476953125 0.27361111111111114 0.01484375 0.075
0 0.419140625 0.44166666666666665 0.02421875 0.10555555555555556
0 0.3734375 0.29583333333333334 0.021875 0.08055555555555556
0 0.344140625 0.31527777777777777 0.01640625 0.08333333333333333
0 0.2921875 0.35555555555555557 0.01875 0.10555555555555556
0 0.183984375 0.4166666666666667 0.03671875 0.10833333333333334
0 0.025390625 0.4263888888888889 0.03515625 0.10277777777777777
0 0.081640625 0.6659722222222222 0.04140625 0.1597222222222222
0 0.988671875 0.5319444444444444 0.02265625 0.14444444444444443