5 0.71796875 0.49583333333333335 0.009375 0.013888888888888888
1 0.89453125 0.38125 0.0203125 0.11527777777777778
7 0.95390625 0.36180555555555555 0.0921875 0.17916666666666667
0 0.87265625 0.4354166666666667 0.0265625 0.1125
0 0.767578125 0.39375 0.02734375 0.10416666666666667
0 0.73984375 0.43680555555555556 0.0296875 0.1125
0 0.71953125 0.44375 0.0328125 0.10972222222222222
0 0.66484375 0.5118055555555555 0.0265625 0.1125
0 0.64453125 0.44583333333333336 0.0234375 0.1111111111111111
0 0.599609375 0.38263888888888886 0.02109375 0.10138888888888889
0 0.61484375 0.38125 0.0234375 0.09027777777777778
0 0.55078125 0.4673611111111111 0.03125 0.12083333333333333
0 0.509765625 0.49722222222222223 0.03828125 0.12777777777777777
0 0.215234375 0.46805555555555556 0.03515625 0.1111111111111111
0 0.2625 0.3423611111111111 0.03125 0.07361111111111111
0 0.36015625 0.27569444444444446 0.0140625 0.0625
0 0.422265625 0.2965277777777778 0.01328125 0.08472222222222223
6 0.423046875 0.24305555555555555 0.01171875 0.03333333333333333
0 0.39609375 0.28055555555555556 0.015625 0.05555555555555555
0 0.3890625 0.2701388888888889 0.0140625 0.05416666666666667
2 0.331640625 0.3055555555555556 0.02109375 0.08055555555555556
0 0.056640625 0.38680555555555557 0.02890625 0.09861111111111111
0 0.0734375 0.3284722222222222 0.0203125 0.08472222222222223