5 0.07265625 0.5694444444444444 0.009375 0.013888888888888888
3 0.437890625 0.37916666666666665 0.00546875 0.011111111111111112
0 0.416796875 0.35555555555555557 0.02578125 0.06944444444444445
0 0.447265625 0.32013888888888886 0.02578125 0.05138888888888889
0 0.547265625 0.29791666666666666 0.02734375 0.05138888888888889
0 0.58203125 0.3402777777777778 0.021875 0.06388888888888888
0 0.528125 0.37777777777777777 0.0328125 0.06944444444444445
0 0.566796875 0.43194444444444446 0.03828125 0.07777777777777778
0 0.39765625 0.4326388888888889 0.040625 0.09027777777777778
0 0.409765625 0.45694444444444443 0.02890625 0.08333333333333333
0 0.512890625 0.6069444444444444 0.05390625 0.12222222222222222
0 0.59375 0.6416666666666667 0.0390625 0.10833333333333334
2 0.76953125 0.4236111111111111 0.0375 0.08333333333333333
0 0.803125 0.5006944444444444 0.04375 0.07916666666666666
0 0.794140625 0.30416666666666664 0.02109375 0.075
0 0.842578125 0.2951388888888889 0.01328125 0.059722222222222225