6 0.01953125 0.5680555555555555 0.0390625 0.05277777777777778
0 0.1828125 0.5041666666666667 0.025 0.10277777777777777
0 0.169921875 0.48055555555555557 0.04140625 0.10277777777777777
0 0.32421875 0.6951388888888889 0.028125 0.1597222222222222
0 0.3703125 0.5666666666666667 0.034375 0.1388888888888889
2 0.594140625 0.5729166666666666 0.02421875 0.13472222222222222
0 0.81328125 0.5569444444444445 0.028125 0.12777777777777777
0 0.975390625 0.8625 0.04921875 0.20277777777777778
0 0.88984375 0.4513888888888889 0.0203125 0.11944444444444445
0 0.95390625 0.4597222222222222 0.0234375 0.11944444444444445
1 0.90234375 0.33958333333333335 0.0265625 0.09861111111111111
0 0.99375 0.37916666666666665 0.0125 0.10277777777777777
7 0.90078125 0.30625 0.1984375 0.1597222222222222