6 0.451953125 0.27361111111111114 0.02734375 0.09722222222222222
0 0.028125 0.5069444444444444 0.0484375 0.16111111111111112
0 0.09296875 0.5388888888888889 0.046875 0.1638888888888889
0 0.175 0.4215277777777778 0.0234375 0.12916666666666668
0 0.183984375 0.43472222222222223 0.03359375 0.13333333333333333
0 0.018359375 0.78125 0.03671875 0.18194444444444444
0 0.431640625 0.5944444444444444 0.04453125 0.1638888888888889
0 0.519921875 0.7236111111111111 0.04765625 0.19444444444444445
2 0.791796875 0.5791666666666667 0.03984375 0.175
0 0.9453125 0.5381944444444444 0.0390625 0.1625
0 0.844140625 0.44305555555555554 0.04296875 0.13333333333333333
0 0.69296875 0.44305555555555554 0.0375 0.12222222222222222
0 0.704296875 0.36666666666666664 0.02578125 0.11944444444444445
0 0.5390625 0.33125 0.0328125 0.11527777777777778
5 0.112890625 0.5743055555555555 0.01640625 0.015277777777777777